0.150611,0.064220,0.235553
0.050795,0.027959,0.190553
0.145416,0.067041,0.219819
0.149721,0.101716,0.160911
0.164856,0.045418,0.233418
0.107748,0.055257,0.200618
0.147961,0.067572,0.189943
0.084472,0.082020,0.171127
0.127594,0.054130,0.228965
0.188540,0.061851,0.213748
0.103373,0.048945,0.193634
0.181969,0.070143,0.229197
0.123684,0.061633,0.204042
0.033869,0.049070,0.163624
0.017374,0.064199,0.236941
0.171281,0.049654,0.209836
-0.045217,0.019377,-0.158496
-0.043885,0.140683,-0.213495
-0.005850,0.112121,-0.163397
0.041217,-0.024432,-0.315590
-0.049233,0.137852,-0.115255
-0.064845,0.114687,-0.231362
0.081787,0.095700,-0.199708
-0.062795,0.163524,-0.266150
-0.112645,0.003350,-0.190775
0.049182,0.147390,-0.211149
-0.046196,-0.002728,-0.249684
0.102193,0.104836,-0.165886
-0.021372,0.166224,-0.196553
-0.090033,0.034697,-0.189417
-0.141934,0.155844,-0.067587
0.151823,0.063880,-0.223950
-0.075894,-0.064129,0.013300
-0.086334,-0.054455,-0.009758
-0.072043,-0.056977,-0.013648
-0.066573,-0.005238,-0.021231
-0.069818,-0.069028,-0.003895
-0.076438,-0.072444,-0.015219
-0.053004,-0.044936,-0.009669
-0.108072,-0.032593,-0.016006
-0.070914,-0.063454,-0.003922
-0.041681,-0.049675,-0.008583
-0.064901,-0.062496,-0.011977
-0.069352,-0.035933,-0.007342
-0.083047,-0.046648,0.000881
-0.071251,-0.093977,-0.013146
-0.084847,-0.050536,0.004637
-0.053166,-0.062984,-0.028535
0.087238,-0.147502,-0.071727
0.010662,-0.043543,-0.104756
0.099120,-0.126118,-0.114201
0.098832,-0.037035,-0.157791
0.071359,-0.128437,-0.024867
0.030977,-0.085443,-0.161578
0.117248,-0.101379,-0.161482
-0.024656,-0.028019,-0.127683
0.103672,-0.136381,-0.109172
0.096008,-0.040084,-0.121552
-0.002422,-0.100685,-0.122354
0.114083,-0.063577,-0.073062
0.019846,-0.043309,-0.096513
-0.074512,-0.140528,-0.129125
0.027706,-0.085413,-0.036004
0.138264,-0.096338,-0.102591
-0.165535,0.085094,0.112826
-0.169984,0.103148,0.110531
-0.150784,0.083667,0.110325
-0.130395,0.143093,0.079985
-0.151532,0.099481,0.115639
-0.156917,0.109245,0.092009
-0.136337,0.102788,0.075619
-0.165832,0.107243,0.079828
-0.162117,0.073635,0.098276
-0.120078,0.107586,0.086888
-0.172368,0.099794,0.085971
-0.133002,0.080506,0.116141
-0.139872,0.109861,0.096556
-0.164778,0.089503,0.081753
-0.169708,0.118238,0.117414
-0.137094,0.098828,0.089192
-0.121384,-0.004526,-0.084435
-0.151616,0.087087,-0.069497
-0.110435,0.074661,-0.084985
-0.117306,0.108156,-0.080334
-0.135253,0.117336,-0.059484
-0.144077,0.096645,-0.085115
-0.120756,0.091849,-0.069938
-0.140378,0.109676,-0.065179
-0.152654,-0.005531,-0.095693
-0.110842,0.122636,-0.110755
-0.147179,0.040662,-0.114849
-0.057955,0.074260,-0.081241
-0.117810,0.165511,-0.084300
-0.157217,0.055187,-0.057881
-0.170152,0.106692,-0.072234
-0.080364,0.037056,-0.040139
0.060923,-0.098176,-0.022973
-0.050376,-0.075226,-0.034602
0.146332,-0.070484,-0.094147
0.171482,-0.027938,-0.071640
0.099430,-0.068067,0.027192
0.021795,-0.067322,-0.082902
0.128014,-0.083653,-0.083993
-0.021804,-0.028032,-0.104311
0.059902,-0.114562,-0.076712
0.093709,-0.047147,-0.063554
-0.012493,-0.079836,-0.062622
0.156556,-0.062965,0.023117
0.043621,-0.036975,-0.006351
-0.074016,-0.116070,-0.077307
-0.014583,-0.009912,0.026624
0.211171,-0.056255,-0.063311
0.139045,-0.049963,0.002371
0.108958,-0.013111,-0.035922
0.169988,-0.079882,-0.114654
0.104587,-0.055705,-0.070465
0.085549,-0.120070,0.147379
0.051416,-0.085038,-0.127888
0.163803,-0.083959,-0.147163
0.037124,-0.068812,-0.134545
0.132622,-0.073182,-0.052407
0.140933,-0.039521,-0.088009
0.044465,-0.062612,-0.163094
0.139102,-0.044881,0.020365
0.063870,-0.045911,-0.022082
0.011592,-0.087783,-0.072086
0.076931,-0.046276,0.059223
0.190687,-0.055916,-0.071157
-0.096598,0.067314,0.039432
-0.133176,0.087305,-0.002567
-0.102645,0.057256,0.005268
-0.049579,0.121129,-0.020068
-0.110257,0.087818,0.048641
-0.121127,0.060165,0.022444
-0.053577,0.068677,-0.025560
-0.143723,0.088508,-0.024866
-0.115450,0.046212,0.003864
-0.043995,0.087268,0.014459
-0.141433,0.049009,0.010589
-0.020410,0.067899,0.015428
-0.107703,0.084837,0.020385
-0.165671,0.082096,0.001806
-0.133585,0.055532,0.030366
-0.042519,0.035919,0.001511
0.004510,-0.128993,-0.082211
-0.057417,-0.014687,-0.059381
0.073024,-0.059188,-0.064874
0.066882,-0.056286,-0.103863
-0.007653,-0.092506,-0.016605
-0.004251,-0.056762,-0.099542
0.032825,-0.017193,-0.097778
-0.095521,0.044000,-0.063022
-0.006089,-0.100117,-0.081156
0.029203,0.030530,-0.071277
-0.038503,-0.071370,-0.082284
0.054359,-0.052349,-0.072427
-0.028711,0.026002,-0.069641
-0.119092,-0.119984,-0.050411
-0.050735,-0.035639,-0.031894
0.070542,-0.064707,-0.110323
-0.001906,-0.063380,-0.029477
0.021067,-0.041292,-0.042720
0.028310,-0.068047,-0.041281
0.039457,-0.025221,-0.076709
-0.001319,-0.037305,-0.010569
0.017374,-0.029151,-0.040261
0.046616,-0.056757,-0.079345
0.021281,-0.052601,-0.067788
0.044020,-0.052703,-0.039386
0.058685,-0.030651,-0.066046
0.023642,-0.042317,-0.076238
0.060714,-0.036064,-0.035514
0.038376,-0.040845,-0.036370
0.006077,-0.073104,-0.061618
-0.021161,-0.036965,-0.012486
0.066033,-0.087195,-0.070616
0.130154,-0.007899,-0.122958
0.122326,0.006730,-0.125506
0.131276,-0.002838,-0.124534
0.114120,0.005802,-0.122826
0.125259,0.008234,-0.115844
0.112534,0.011003,-0.115851
0.113790,-0.012057,-0.125816
0.132782,0.015299,-0.113518
0.128152,-0.017553,-0.124486
0.127577,-0.003824,-0.124189
0.125459,-0.004866,-0.124280
0.127040,0.002795,-0.123290
0.123151,0.003440,-0.115546
0.145707,-0.005800,-0.133688
0.115654,0.014472,-0.101192
0.142692,-0.007867,-0.102064
-0.104757,0.027814,0.374819
-0.128461,0.035115,0.354686
-0.040550,0.012670,0.366910
-0.050929,0.036341,0.323058
-0.095763,-0.013898,0.421607
-0.109900,0.022603,0.332210
-0.071936,0.024774,0.303431
-0.118833,0.034231,0.295127
-0.096718,0.013970,0.359815
-0.059189,0.019109,0.340112
-0.113861,0.025401,0.319897
-0.068919,0.015220,0.373629
-0.094576,0.036660,0.357170
-0.164996,0.001892,0.336177
-0.168350,0.018696,0.398209
-0.027525,0.007352,0.352626
-0.048757,0.013980,0.075367
-0.051879,-0.013434,0.071565
-0.018747,0.024988,0.046455
-0.013504,0.036907,0.023297
-0.029669,-0.010301,0.072791
-0.041917,-0.008388,0.059664
-0.023794,-0.005275,0.032289
-0.035126,0.015405,0.030342
-0.036873,0.001475,0.051504
-0.023373,0.000076,0.040984
-0.061563,0.016543,0.058016
-0.007136,0.008877,0.075740
-0.039532,0.014231,0.058477
-0.089607,0.015012,0.002208
-0.188586,0.024481,0.138691
0.001442,0.011094,0.045463
0.003630,0.010199,0.046103
0.022217,0.012972,0.036649
0.025755,-0.000600,0.028578
0.033817,0.011956,0.019363
0.027474,0.006294,0.081830
0.002891,0.014926,0.034744
0.036177,0.008610,0.033011
0.017514,0.007519,0.020474
0.024779,0.006603,0.026369
0.049443,0.013456,0.043928
0.008642,0.017147,0.017752
0.053245,0.008334,0.053290
0.015635,0.006357,0.036725
0.000592,0.008362,0.026005
0.017902,0.020991,0.094329
0.049326,0.010937,0.019035
0.001440,-0.018304,-0.090178
0.000608,-0.012400,-0.088233
0.002885,-0.009488,-0.086114
-0.001678,-0.011063,-0.083146
-0.003205,-0.012730,-0.091384
0.004396,-0.012641,-0.089535
0.001759,-0.014782,-0.085479
0.001903,-0.011731,-0.088957
-0.000400,-0.018819,-0.086020
-0.000384,-0.019123,-0.093699
-0.002296,-0.016148,-0.089513
-0.007386,-0.017232,-0.087262
0.006419,-0.014574,-0.086329
0.004054,-0.019333,-0.088229
-0.002258,-0.016255,-0.087517
-0.001675,-0.011448,-0.088385
0.023212,-0.010475,0.167425
-0.050567,0.013027,0.103229
0.030106,-0.010730,0.053556
0.067014,0.013093,0.035929
0.041302,0.012735,0.163055
-0.008947,0.017982,0.057484
0.022616,0.013695,-0.041583
-0.001336,0.010329,-0.005672
0.017673,-0.008357,0.087528
0.042516,0.018635,0.075423
-0.001413,-0.010823,0.020565
0.088175,0.027868,0.163219
0.027690,0.036614,0.126855
-0.066601,0.007586,0.025055
-0.040934,0.013928,0.169203
0.083690,-0.001588,0.094987
-0.265634,-0.167828,0.187005
-0.347310,-0.140372,0.217047
-0.278298,-0.158160,0.159796
-0.212604,-0.094104,0.162602
-0.289778,-0.122665,0.187258
-0.262318,-0.113001,0.177492
-0.243950,-0.131876,0.121679
-0.320175,-0.108264,0.158404
-0.280611,-0.175754,0.167909
-0.239208,-0.091551,0.160132
-0.316516,-0.144758,0.135766
-0.194653,-0.143490,0.202799
-0.279259,-0.133571,0.173902
-0.362298,-0.157659,0.171519
-0.314935,-0.129130,0.206443
-0.224838,-0.148554,0.169373
-0.022991,-0.106352,0.054380
-0.084298,-0.034810,0.040542
0.029034,-0.062961,-0.006405
0.096107,0.109608,-0.002058
0.043428,-0.029783,0.130157
-0.013927,-0.009243,-0.005210
0.069725,0.032413,-0.047509
-0.054187,0.077810,-0.017534
-0.016255,-0.103834,0.022541
0.111528,0.064593,0.044836
-0.030829,-0.059794,0.004128
0.083884,-0.030564,0.109110
0.003292,0.038317,0.027161
-0.125576,-0.095859,0.000297
-0.093414,0.001293,0.076893
0.130491,-0.097849,0.014483
0.020810,-0.050267,-0.055546
-0.076807,-0.037385,-0.083109
0.108521,-0.053693,-0.087226
0.144783,0.018995,-0.134658
0.064451,-0.060706,-0.001269
0.001851,-0.045608,-0.118022
0.132049,-0.043954,-0.129963
-0.119421,0.043986,-0.121571
0.046813,-0.062584,-0.119203
0.111261,-0.008610,-0.086064
0.005982,-0.024997,-0.124233
0.156556,-0.050069,-0.078945
-0.006671,-0.045229,-0.084145
-0.122060,-0.058701,-0.130720
-0.088491,-0.034364,-0.004419
0.183705,-0.028477,-0.108551
-0.040500,0.084884,0.026221
-0.051047,0.092660,0.029107
-0.046258,0.093433,0.022539
-0.062716,0.081470,0.027158
-0.043905,0.081888,0.010520
-0.063227,0.096766,0.018986
-0.055742,0.091682,0.033562
-0.036554,0.108400,0.041191
-0.046049,0.081781,0.028013
-0.062905,0.081605,0.015401
-0.033657,0.085324,0.024515
-0.041176,0.080832,0.016107
-0.041983,0.094490,0.016653
-0.030117,0.074485,0.032548
-0.057560,0.097179,0.030374
-0.030959,0.077318,0.025389
0.075209,-0.008688,-0.197973
0.041224,0.035853,-0.195680
0.111226,0.000074,-0.198195
0.092823,0.045540,-0.224184
0.095727,0.027902,-0.157215
0.055594,0.010315,-0.207910
0.098378,0.017188,-0.201064
0.069439,0.027978,-0.207043
0.075003,0.007116,-0.226580
0.110725,0.030093,-0.201573
0.081099,0.015439,-0.206874
0.118748,0.016879,-0.198532
0.072503,0.014708,-0.200723
0.048349,-0.002102,-0.215222
0.013425,0.041687,-0.171511
0.127328,-0.002194,-0.199202
-0.019394,0.023229,0.166932
-0.006723,0.143268,0.101645
0.007155,0.032408,0.112494
-0.006611,0.047627,0.009237
0.061344,0.062530,0.235359
-0.051909,0.095546,0.004712
0.052640,0.013575,0.032560
-0.080293,0.085809,-0.000462
0.038337,-0.017683,0.160095
-0.023213,0.059166,0.081229
-0.051276,0.095942,0.056356
0.030321,0.044292,0.206057
-0.019024,0.072670,0.131968
-0.163920,0.143259,-0.012432
-0.011366,-0.022726,0.160578
-0.003554,0.045093,0.103969
-0.312136,0.038518,-0.071266
-0.314043,0.052197,-0.073469
-0.282031,0.050812,-0.074542
-0.292902,0.076583,-0.093205
-0.299193,0.060107,-0.051746
-0.303360,0.062350,-0.091106
-0.298506,0.056534,-0.114373
-0.312294,0.079286,-0.103389
-0.305944,0.036143,-0.067323
-0.287476,0.070911,-0.094426
-0.317413,0.054183,-0.071814
-0.278052,0.056889,-0.045853
-0.289011,0.074966,-0.061624
-0.337935,0.085861,-0.079255
-0.338602,0.069261,-0.047318
-0.275159,0.048911,-0.050149
-0.012522,0.012780,0.196085
-0.011516,0.035090,0.197336
-0.011777,0.019965,0.186246
-0.015466,0.025044,0.180483
0.000244,0.022640,0.209251
-0.006270,0.037738,0.188883
-0.024980,0.029610,0.176481
-0.008596,0.033057,0.176307
-0.010123,0.006870,0.185324
-0.024058,0.018221,0.191060
-0.012847,0.031488,0.176965
-0.002869,0.025286,0.196978
-0.009176,0.037621,0.191256
-0.016332,0.023582,0.175334
-0.027130,0.044619,0.198497
-0.011196,0.026604,0.196645
0.027073,-0.092169,-0.018036
0.024899,-0.074427,-0.023358
0.026372,-0.071081,-0.025716
0.018861,-0.068864,-0.030996
0.031227,-0.079729,-0.017742
0.022564,-0.071221,-0.027434
0.014836,-0.072465,-0.030924
0.016400,-0.051290,-0.033518
0.025827,-0.085410,-0.021699
0.023637,-0.071307,-0.026083
0.013473,-0.067643,-0.025902
0.035021,-0.078174,-0.017333
0.021377,-0.069203,-0.026725
0.003911,-0.073036,-0.029201
0.013943,-0.070900,-0.015268
0.021435,-0.084263,-0.019196
0.286490,-0.000403,0.163038
0.295079,0.031827,0.118559
0.297242,-0.011080,0.127361
0.334338,0.084226,0.104952
0.318231,0.068005,0.181485
0.305130,0.050624,0.109569
0.323073,0.040249,0.086849
0.326389,0.080171,0.097165
0.341939,0.022883,0.149125
0.342927,0.037744,0.123805
0.323082,0.009355,0.102482
0.309104,0.020317,0.174118
0.326008,0.061067,0.151404
0.283817,0.010094,0.083735
0.265977,0.037140,0.163612
0.318649,-0.035004,0.148949
0.053813,-0.097842,-0.086092
-0.074626,0.030824,-0.102129
0.095722,0.028617,-0.114487
0.263573,0.075832,-0.170553
0.099554,0.012652,-0.089793
0.086163,0.013856,-0.095873
0.166008,0.024310,-0.176621
-0.053991,0.083886,-0.103331
0.064427,-0.051325,-0.137816
0.205730,0.050542,-0.112170
-0.034538,-0.028517,-0.134069
0.212242,-0.001486,-0.112334
0.047886,0.076530,-0.073525
-0.154339,0.040827,-0.115704
-0.069133,0.040436,-0.037086
0.247009,-0.039662,-0.122353
0.022671,0.077448,0.287543
0.011382,0.110953,0.268568
0.066179,0.135013,0.235467
0.088498,0.165040,0.235403
0.078112,0.158891,0.247760
0.033546,0.121426,0.259122
0.086779,0.163080,0.213221
-0.004534,0.173952,0.199326
0.044705,0.095534,0.235823
0.110717,0.105458,0.213324
0.031945,0.135390,0.218018
0.123578,0.100236,0.233013
0.029685,0.158919,0.265112
-0.038793,0.142700,0.219925
0.037599,0.214406,0.347278
0.091483,0.069438,0.228219
0.022513,-0.106890,-0.080326
-0.016874,-0.046901,-0.087641
0.029698,-0.095490,-0.102460
0.041851,-0.041231,-0.118782
0.028217,-0.080848,-0.067654
0.002482,-0.075839,-0.106217
0.049960,-0.085975,-0.094691
-0.032250,-0.045347,-0.104978
0.017427,-0.105977,-0.116673
0.035709,-0.042950,-0.087721
0.009215,-0.082297,-0.073164
0.050143,-0.085209,-0.073032
-0.002596,-0.070667,-0.071929
-0.027319,-0.075141,-0.102510
-0.016334,-0.069915,-0.057954
0.087221,-0.088967,-0.084414
-0.009708,-0.086416,-0.094068
-0.050990,-0.022662,-0.093825
0.030731,-0.084109,-0.109177
0.031660,0.048811,-0.104979
-0.001188,-0.059964,-0.046833
0.010083,-0.031282,-0.107059
0.007166,-0.041750,-0.122459
-0.065693,-0.000906,-0.118547
0.015200,-0.080050,-0.103827
0.048413,0.005317,-0.110507
-0.001312,-0.062986,-0.070494
0.038633,-0.050544,-0.075061
-0.011526,0.005553,-0.084982
-0.080256,-0.091188,-0.134995
-0.048548,0.001633,-0.063274
0.041295,-0.071655,-0.075947
0.082039,-0.026779,-0.302565
-0.101634,0.024363,-0.251625
0.126684,0.002922,-0.302355
0.195449,0.149798,-0.329040
0.040848,0.010784,-0.239712
0.008047,0.050326,-0.354010
0.190117,0.059833,-0.344123
-0.001059,0.094929,-0.350823
0.023729,-0.026328,-0.289997
0.168317,0.101969,-0.288542
0.047572,0.018716,-0.306144
0.164514,0.027249,-0.271855
0.064554,0.041664,-0.332917
-0.120967,-0.038415,-0.346993
-0.043495,0.063791,-0.248619
0.259214,-0.025515,-0.427374
-0.005101,-0.059610,0.177542
-0.067726,-0.065683,0.114888
-0.011125,-0.073461,0.113500
-0.025710,-0.027103,0.091359
-0.008978,-0.044150,0.177245
-0.058470,-0.081743,0.105690
-0.020732,-0.064585,0.069639
-0.076791,-0.034673,0.082172
-0.006296,-0.052376,0.127884
0.008530,-0.056469,0.131227
-0.048814,-0.087916,0.069213
0.019690,-0.042029,0.176696
-0.054355,-0.052814,0.154495
-0.066565,-0.047772,0.100834
-0.086960,-0.054264,0.160882
-0.001172,-0.073913,0.111569
0.010614,-0.102582,-0.061281
0.009448,-0.092041,-0.077680
0.022778,-0.110525,-0.083710
-0.003989,-0.115164,-0.078639
0.013604,-0.098597,-0.083089
0.007885,-0.097114,-0.088545
0.015005,-0.111652,-0.086715
0.010113,-0.106147,-0.082422
0.014676,-0.111607,-0.086595
-0.006987,-0.087888,-0.078809
0.008065,-0.104272,-0.082017
0.002184,-0.090983,-0.064941
0.006596,-0.102549,-0.070306
0.018165,-0.119409,-0.077271
0.005019,-0.089266,-0.077355
0.030497,-0.117630,-0.097325
0.260258,-0.115675,-0.000360
0.244389,0.014862,-0.102355
0.288031,-0.072086,-0.149244
0.253759,0.040177,-0.213059
0.239629,0.003069,-0.003158
0.265328,0.001647,-0.140541
0.291848,0.041483,-0.245014
0.249162,0.048073,-0.226595
0.261750,-0.088929,-0.077507
0.260411,-0.022458,-0.122483
0.244794,-0.061771,-0.185522
0.265274,-0.003648,-0.013485
0.263968,0.025297,-0.053870
0.263846,-0.033057,-0.189363
0.226860,-0.014403,-0.007737
0.241151,-0.035588,-0.128345
0.192570,0.078054,-0.289681
0.081470,0.059029,-0.321874
0.221065,0.089344,-0.320621
0.281783,0.112092,-0.363304
0.210016,0.068724,-0.236128
0.159536,0.064497,-0.340224
0.296769,0.082398,-0.369846
0.072489,0.100365,-0.364711
0.183504,0.049335,-0.332056
0.328950,0.101309,-0.373449
0.091539,0.065549,-0.349747
0.294109,0.078754,-0.317804
0.156349,0.101610,-0.317519
-0.001889,0.039749,-0.331838
0.078460,0.067504,-0.271001
0.303176,0.080395,-0.352317
-0.025862,-0.056830,-0.033221
-0.062675,-0.027023,-0.033612
-0.010317,-0.035266,-0.035367
0.000721,0.000613,-0.062250
-0.057860,-0.032245,-0.012760
-0.062378,-0.029341,-0.065452
-0.013179,-0.031416,-0.098963
-0.070381,-0.029531,-0.079681
-0.065705,-0.042558,-0.020480
-0.029068,-0.045482,-0.052223
-0.047394,-0.054135,-0.062630
0.007357,-0.003731,0.001290
-0.052303,-0.013940,-0.036457
-0.086098,-0.020040,-0.093950
-0.062785,-0.007643,0.002642
0.031239,-0.037874,-0.046765
-0.021570,-0.077605,-0.145331
-0.025607,-0.056734,-0.166847
-0.009060,-0.076471,-0.177447
-0.021631,-0.080172,-0.179175
-0.011001,-0.082210,-0.141880
-0.015083,-0.075557,-0.167351
-0.017399,-0.086367,-0.185339
-0.028574,-0.075753,-0.176525
-0.018768,-0.083933,-0.158623
-0.030347,-0.073522,-0.157874
-0.031873,-0.080609,-0.162518
-0.001851,-0.073858,-0.148383
-0.028042,-0.073632,-0.156587
-0.030237,-0.083904,-0.184628
-0.058541,-0.070572,-0.140773
0.003718,-0.084163,-0.153994
-0.007870,-0.031734,0.002338
-0.006583,0.032384,-0.021333
-0.021867,0.017394,-0.047728
0.003204,0.044970,-0.067970
0.006869,0.027197,0.020501
-0.032183,0.035600,-0.038998
-0.011676,-0.016008,-0.048047
-0.032336,0.058426,-0.056912
0.013516,-0.023238,-0.010892
0.005985,0.041716,-0.040976
-0.044077,0.029540,-0.018711
0.047922,0.003836,0.015912
-0.001020,0.041570,-0.010319
-0.069814,0.027382,-0.056353
-0.011979,-0.008858,0.012546
-0.008845,-0.021377,-0.016507
0.122168,-0.002368,-0.091463
0.095267,-0.028582,-0.113699
0.184264,-0.023318,-0.099660
0.175807,0.020873,-0.199518
0.123305,-0.029100,-0.094015
0.102803,-0.044427,-0.154527
0.191119,-0.023257,-0.181467
0.107625,-0.032452,-0.146751
0.134391,-0.024434,-0.088892
0.299160,-0.106412,-0.184649
0.146667,-0.050914,-0.267218
0.171065,0.011114,-0.101563
0.136031,-0.034532,-0.118122
0.124189,-0.010600,-0.174898
0.076384,0.005709,-0.083447
0.189049,-0.016426,-0.139110
-0.056788,-0.017015,0.060101
-0.150427,0.087419,0.042035
-0.047768,0.050192,-0.010983
-0.002679,0.079212,-0.000137
-0.046653,0.128891,0.083085
-0.086608,0.102372,0.002860
-0.026989,0.081399,-0.067150
-0.110801,0.099859,-0.042548
-0.073990,0.032866,0.032143
-0.028893,0.051412,0.020820
-0.086006,0.019961,-0.049680
-0.010168,0.087959,0.113443
-0.089652,0.131478,0.027649
-0.142356,0.052089,-0.011538
-0.122148,0.113726,0.101605
-0.007449,0.057062,0.016451
0.016284,-0.121652,-0.069262
-0.069997,-0.042956,-0.098050
0.056454,-0.095556,-0.112648
0.064831,-0.050210,-0.127694
0.040259,-0.092908,-0.034487
0.002574,-0.110578,-0.146659
0.049226,-0.097301,-0.153554
-0.091205,-0.015256,-0.143981
0.001263,-0.135553,-0.099398
0.043667,-0.060727,-0.111886
-0.027396,-0.089437,-0.119085
0.086371,-0.079724,-0.041029
-0.036287,-0.029846,-0.075231
-0.105920,-0.114880,-0.170042
-0.055105,-0.075856,-0.041000
0.085725,-0.093121,-0.086173
-0.063195,-0.153949,0.032903
-0.070237,-0.158072,0.050722
-0.045830,-0.141916,0.043334
-0.032989,-0.128592,0.038210
-0.027604,-0.181940,0.050303
-0.059491,-0.165314,0.046080
-0.039155,-0.138418,0.037901
-0.054610,-0.154500,0.028735
-0.055197,-0.167216,0.066717
-0.038775,-0.133894,0.056107
-0.071681,-0.174023,0.047960
-0.035053,-0.144123,0.054351
-0.084222,-0.125678,0.039013
-0.087088,-0.181519,0.026798
-0.050096,-0.144000,0.052347
-0.022968,-0.157903,0.010854
-0.130085,-0.160200,-0.029143
-0.152279,-0.105272,-0.049229
-0.046535,-0.111405,-0.050100
-0.050629,-0.095957,-0.069210
-0.122818,-0.089343,0.027808
-0.118673,-0.120796,-0.066985
-0.023362,-0.099652,-0.100395
-0.080160,-0.089517,-0.106131
-0.125049,-0.142584,-0.034130
-0.076166,-0.105424,-0.077690
-0.089864,-0.131132,-0.040665
-0.067379,-0.123215,-0.041557
-0.087103,-0.087221,-0.060480
-0.116922,-0.148514,-0.044671
-0.155590,-0.069443,0.026523
0.003801,-0.149807,-0.095498
-0.038432,-0.058813,-0.041884
-0.031524,-0.054667,-0.072268
-0.022291,-0.043117,-0.084654
0.006851,-0.059267,-0.095142
-0.037694,-0.041234,-0.053734
-0.033732,-0.039011,-0.071121
0.007929,-0.048413,-0.075127
-0.048715,-0.063260,-0.077727
-0.016824,-0.076899,-0.070374
-0.007196,-0.034816,-0.082951
-0.031886,-0.050261,-0.052771
-0.002651,-0.062323,-0.052705
-0.031869,-0.045780,-0.070665
-0.052266,-0.060200,-0.056419
-0.060249,-0.051130,-0.016150
-0.003477,-0.074403,-0.084922
0.023760,-0.090197,-0.196233
0.015452,-0.076676,-0.204782
0.043872,-0.068626,-0.202546
0.033497,-0.079090,-0.187500
-0.006393,-0.081558,-0.166118
0.001157,-0.079746,-0.188754
0.032041,-0.069546,-0.196951
0.013572,-0.077143,-0.192933
0.008894,-0.080569,-0.195482
0.036633,-0.065481,-0.174775
0.023148,-0.078653,-0.197378
0.025257,-0.077892,-0.190901
0.017579,-0.067216,-0.186408
0.011326,-0.085153,-0.174798
-0.008224,-0.066371,-0.168520
0.040689,-0.074567,-0.197453
-0.033597,-0.107161,0.097030
-0.036869,-0.081390,-0.021153
0.032583,-0.110802,-0.069356
0.013200,0.053118,0.009684
-0.012918,-0.076240,0.138178
-0.047587,-0.085967,-0.034632
0.039813,-0.113247,-0.078343
-0.060249,-0.029581,-0.077087
-0.047805,-0.116127,-0.042145
0.050794,-0.047689,-0.002255
-0.066035,-0.129559,-0.067784
0.042590,-0.090402,0.145140
-0.005576,-0.016710,0.056853
-0.093139,-0.110418,-0.054368
-0.057742,0.003895,0.109654
0.056804,-0.147476,0.019767
0.050650,-0.131530,-0.056852
0.018061,-0.057809,-0.091884
0.053352,-0.102366,-0.103150
0.049895,-0.075562,-0.127140
0.046659,-0.074805,-0.062981
0.021589,-0.071306,-0.121766
0.032756,-0.105774,-0.124332
0.006842,-0.080695,-0.131505
0.026635,-0.120877,-0.089279
0.063219,-0.093575,-0.104812
0.037139,-0.098628,-0.101302
0.078163,-0.087620,-0.057530
0.032951,-0.076102,-0.085220
-0.020797,-0.082655,-0.153573
0.021042,-0.085918,-0.046825
0.074078,-0.093406,-0.081125
-0.019037,-0.018342,0.012333
-0.034458,-0.044580,0.004194
-0.013494,-0.022021,0.007840
-0.031660,-0.003067,-0.003086
-0.016517,-0.030725,0.012942
-0.021719,-0.048653,-0.000890
-0.003720,-0.033099,0.006259
-0.031513,-0.007782,-0.017300
-0.024714,-0.035174,0.007640
-0.010197,-0.030245,-0.014771
-0.030214,-0.014795,0.012911
-0.005089,-0.032673,0.012737
-0.012780,-0.022051,0.016364
-0.030185,-0.050069,-0.004090
-0.059873,-0.014831,0.056473
-0.015582,-0.051183,-0.002317
0.035016,-0.123318,-0.070805
0.028855,-0.095631,-0.076791
0.032272,-0.114211,-0.105438
0.043244,-0.106810,-0.099743
0.029875,-0.119197,-0.073733
0.029218,-0.111070,-0.081915
0.035602,-0.103990,-0.102745
0.021347,-0.110494,-0.094257
0.033387,-0.137767,-0.089256
0.047526,-0.102448,-0.099649
0.013718,-0.122414,-0.087577
0.062551,-0.113145,-0.066182
0.029994,-0.106366,-0.078150
-0.006791,-0.133123,-0.105223
0.012694,-0.101115,-0.062330
0.061941,-0.113827,-0.096697
-0.030691,-0.033203,-0.007507
-0.032834,-0.030282,-0.018353
-0.035616,-0.027593,-0.017646
-0.035315,-0.031076,-0.010726
-0.024638,-0.033908,-0.006107
-0.029088,-0.031068,-0.016440
-0.034988,-0.026985,-0.015249
-0.032721,-0.027687,-0.016988
-0.032652,-0.033235,-0.013136
-0.030057,-0.034040,-0.007766
-0.029599,-0.034569,-0.014230
-0.030960,-0.040219,-0.005257
-0.039336,-0.025544,-0.014361
-0.025571,-0.035301,-0.020686
-0.025783,-0.030088,-0.008890
-0.035509,-0.032499,-0.010180
0.104622,0.051149,-0.157620
0.027702,0.076648,-0.156535
0.150314,0.041167,-0.170777
0.150747,0.022027,-0.158269
0.085010,0.057040,-0.101204
0.044945,0.038530,-0.227424
0.163001,0.033622,-0.185190
0.067544,0.059750,-0.231649
0.053685,0.049805,-0.148093
0.067519,0.037795,-0.184444
0.078973,0.029529,-0.125999
0.161599,0.066689,-0.132397
0.078754,0.052097,-0.147276
0.038543,0.017407,-0.214666
0.032215,0.042595,-0.124076
0.187337,0.041064,-0.200071
-0.186446,-0.493045,0.166094
-0.121742,-0.039623,0.042849
-0.015367,-0.142741,0.053162
0.050491,-0.062694,0.078758
-0.075015,-0.121580,0.130883
-0.027115,-0.070780,0.073746
-0.019511,-0.038781,0.029520
-0.163451,0.000239,0.029051
-0.126736,-0.287691,0.045177
0.010474,0.004025,0.100781
-0.142881,-0.144112,0.105612
-0.080042,-0.188411,0.154760
-0.093194,-0.024744,0.080413
-0.204057,-0.248660,0.024266
-0.153621,-0.169785,0.084452
0.076401,-0.207514,0.177334
-0.138625,-0.166166,0.048468
-0.148042,-0.183524,-0.032309
-0.097533,-0.192253,-0.090348
-0.070046,-0.210559,-0.065080
-0.115768,-0.133833,0.156701
-0.185914,-0.160263,-0.040485
-0.080461,-0.180078,-0.104599
-0.178508,-0.199521,-0.084447
-0.125092,-0.163425,-0.055676
-0.092250,-0.203105,-0.030033
-0.200224,-0.192880,-0.094861
-0.001857,-0.212828,0.072773
-0.150431,-0.170908,0.046752
-0.214272,-0.131086,-0.036142
-0.196142,-0.154793,0.076457
-0.021039,-0.179459,0.027728
-0.283938,-0.130743,0.569756
-0.385069,0.036758,0.485527
-0.112431,0.026320,0.405427
-0.140409,0.046946,0.393350
0.015874,0.120697,0.996871
-0.353739,0.098998,0.237266
-0.089858,-0.033205,0.266589
-0.369159,0.019526,0.226361
-0.237760,-0.163301,0.602536
-0.085546,0.091393,0.648383
-0.391219,-0.051988,0.400446
-0.242006,-0.145396,0.840156
-0.214584,0.061158,0.537115
-0.519240,-0.050708,0.317346
-0.375081,-0.199608,0.560691
0.002873,-0.077072,0.579718
-0.069444,-0.125101,0.052618
-0.097653,-0.089731,0.018106
-0.062592,-0.098998,0.012137
-0.041059,-0.079034,0.005600
-0.048539,-0.078980,0.078754
-0.091683,-0.091208,0.004593
-0.070754,-0.100129,-0.013653
-0.143055,-0.070433,-0.014962
-0.076222,-0.113777,0.010358
-0.035089,-0.081850,0.024281
-0.114530,-0.101835,0.016647
-0.029282,-0.085229,0.079446
-0.097553,-0.074278,0.045315
-0.157942,-0.096547,0.006093
-0.089496,-0.091241,0.083479
-0.042396,-0.101065,0.052324
-0.049471,-0.108315,0.121486
-0.066660,-0.036583,0.097267
-0.028418,-0.065743,0.081856
0.008348,-0.042648,0.066258
-0.014380,-0.049222,0.129962
-0.032722,-0.041377,0.080816
-0.025722,-0.030856,0.053573
-0.070708,-0.036085,0.074288
-0.027119,-0.082361,0.093531
-0.016264,-0.046162,0.108044
-0.051996,-0.068990,0.083845
0.001051,-0.064281,0.121959
-0.035499,-0.043367,0.106678
-0.090138,-0.070782,0.064815
-0.058125,-0.043320,0.122948
0.013366,-0.063290,0.093154
0.041666,-0.109569,-0.114414
0.031371,-0.087349,-0.115520
0.043242,-0.114572,-0.111243
0.041350,-0.100002,-0.109952
0.036725,-0.106128,-0.099466
0.034463,-0.091766,-0.110028
0.031762,-0.103270,-0.126458
0.030526,-0.096015,-0.112422
0.044960,-0.109939,-0.118793
0.043983,-0.100262,-0.117569
0.040998,-0.105312,-0.116902
0.041101,-0.099678,-0.106888
0.040195,-0.091831,-0.110002
0.041561,-0.115636,-0.116405
0.023136,-0.102191,-0.109739
0.046071,-0.103141,-0.105973
-0.009724,-0.113083,-0.045307
-0.042935,-0.073862,-0.056999
0.016444,-0.105697,-0.061590
0.018748,-0.045009,-0.072485
-0.019291,-0.102183,-0.013058
-0.024565,-0.084940,-0.069799
0.026295,-0.092009,-0.060280
-0.037922,-0.057714,-0.060908
-0.029181,-0.140703,-0.077780
0.007061,-0.073490,-0.034881
-0.032785,-0.073694,-0.064882
0.017751,-0.089127,-0.047161
-0.007576,-0.092061,-0.058232
-0.039200,-0.094736,-0.065676
-0.051137,-0.095873,-0.040551
0.052293,-0.092551,-0.050021
0.071486,-0.108453,-0.078866
0.019628,-0.067883,-0.083064
0.061841,-0.119534,-0.111753
0.039279,-0.050886,-0.097270
0.047996,-0.082644,-0.049302
0.032701,-0.086543,-0.109741
0.057153,-0.084497,-0.129022
0.043669,-0.037901,-0.122708
0.066919,-0.110704,-0.091823
0.051195,-0.085815,-0.094134
0.031864,-0.096083,-0.102411
0.058226,-0.090793,-0.077100
0.039921,-0.070708,-0.077087
0.034033,-0.098558,-0.126260
0.025779,-0.079854,-0.050540
0.055949,-0.098142,-0.114638
-0.016997,0.023990,-0.049142
-0.024155,0.025473,-0.053029
-0.010022,0.040044,-0.039664
-0.031234,0.035132,-0.029012
-0.022391,0.022724,-0.030886
-0.023086,0.033781,-0.045660
-0.014364,0.030241,-0.031963
-0.020903,0.033007,-0.032559
-0.024340,0.020731,-0.032299
-0.024437,0.027100,-0.040275
-0.024372,0.022260,-0.046000
-0.017533,0.024554,-0.036753
-0.017875,0.033271,-0.051300
-0.008681,0.032092,-0.028819
-0.018063,0.037372,-0.015884
-0.014456,0.033277,-0.041115
0.113440,-0.026941,-0.127291
0.039448,-0.010978,-0.167964
0.144183,-0.038212,-0.183676
0.179941,0.032028,-0.208740
0.171107,-0.075294,-0.074708
0.104448,-0.048766,-0.176370
0.171806,-0.007033,-0.208542
-0.028532,0.011303,-0.250628
0.097280,-0.032755,-0.166957
0.193402,-0.018515,-0.133092
0.007606,-0.045713,-0.190457
0.251819,-0.049186,-0.060197
0.090489,-0.048941,-0.140498
-0.088259,-0.055621,-0.146679
0.031838,-0.045368,-0.059557
0.207011,-0.031611,-0.152837
0.004838,-0.096731,0.042967
-0.005985,-0.108523,-0.073134
0.059648,-0.065179,-0.047485
0.087239,-0.045097,-0.118767
0.091340,-0.110613,0.180838
-0.001186,-0.067498,-0.112341
0.127621,-0.080064,-0.114722
-0.069626,-0.028624,-0.135706
0.046180,-0.085348,0.005214
0.152807,-0.022223,0.019523
-0.017451,-0.077792,-0.174440
0.148141,-0.152987,0.085954
0.049606,-0.035403,-0.064696
-0.159396,-0.086585,-0.092774
-0.069328,-0.083422,0.114505
0.121816,-0.091264,-0.035343
0.299143,-0.797987,-0.284037
0.253300,-0.196185,-0.333602
0.421848,-0.414103,-0.384311
0.542404,-0.288384,-0.319163
0.369573,-0.353836,-0.226836
0.325103,-0.283496,-0.397213
0.422988,-0.341458,-0.364320
0.317151,-0.226448,-0.366592
0.396325,-0.745989,-0.370763
0.414338,-0.171454,-0.349004
0.316793,-0.410026,-0.375338
0.416552,-0.398948,-0.271341
0.402651,-0.235166,-0.329059
0.215997,-0.508079,-0.330651
0.298406,-0.384763,-0.301827
0.584221,-0.528870,-0.317758
-0.075410,-0.019507,0.162448
-0.151639,0.087015,0.085102
-0.100551,0.038025,0.061100
-0.070114,-0.030329,-0.007931
-0.053269,0.053698,0.215425
-0.152701,0.029180,-0.075399
-0.048761,0.000247,-0.023612
-0.205383,0.071991,-0.020488
-0.110101,-0.011213,0.109269
-0.105204,0.030872,0.042446
-0.131490,0.013586,0.007244
-0.006538,0.014583,0.171935
-0.163360,0.073401,0.084856
-0.236437,0.058719,0.037244
-0.127418,0.030247,0.257959
-0.054543,0.002035,0.092831
-0.055841,-0.000426,-0.024774
-0.156484,0.084388,-0.048015
-0.014823,0.058983,-0.091212
0.081334,0.094777,-0.069290
-0.035409,0.058612,-0.001733
-0.069321,0.100577,-0.071254
-0.010173,0.085090,-0.111471
-0.088372,0.113614,-0.073804
0.000617,0.035067,-0.094357
0.028900,0.115470,-0.046486
-0.079721,0.069028,-0.053603
0.018918,0.043187,0.000691
-0.054724,0.091203,-0.035758
-0.190235,-0.022314,-0.078266
-0.137171,0.047422,-0.013629
0.044249,0.047511,-0.062033
-0.061932,0.067490,-0.065812
-0.062446,0.111489,-0.059888
-0.005157,0.114267,-0.108187
0.007808,0.192686,-0.150033
-0.028953,0.151102,0.029184
-0.066698,0.127923,-0.145278
0.000918,0.088861,-0.193366
-0.086479,0.162940,-0.213373
-0.032525,0.101852,-0.124169
0.003273,0.186119,-0.101792
-0.107308,0.115130,-0.182938
0.057686,0.099033,0.010234
0.003064,0.171558,-0.038958
-0.124494,0.116272,-0.136307
-0.011140,0.201317,0.027971
-0.006231,0.087601,-0.153286
0.123790,-0.037562,-0.114731
0.122547,-0.016213,-0.122178
0.143639,-0.030253,-0.130429
0.141338,-0.009459,-0.129954
0.131724,-0.017353,-0.108478
0.135767,-0.020917,-0.126048
0.143123,-0.026051,-0.143706
0.116483,-0.017503,-0.139695
0.137353,-0.037199,-0.130669
0.153704,-0.027259,-0.132315
0.121957,-0.025755,-0.121110
0.148694,-0.017347,-0.117984
0.137885,-0.030197,-0.112605
0.115605,-0.020003,-0.130806
0.118849,-0.012455,-0.108576
0.136863,-0.029635,-0.123008
0.032845,-0.052845,0.129230
-0.149664,0.007704,0.086062
0.060856,-0.087591,0.123241
0.096678,0.039319,0.005498
0.006679,-0.055342,0.262296
-0.047276,0.018121,-0.014528
0.044876,-0.018919,-0.115184
-0.084733,0.101383,-0.030105
0.040420,-0.049341,0.107346
0.055679,0.063327,0.069388
-0.045753,-0.032079,-0.014693
0.114343,-0.055932,0.189367
-0.027600,-0.001087,0.098999
-0.201465,-0.032587,0.002788
-0.146524,-0.087840,0.166346
0.202634,-0.058803,0.038312
-0.118601,0.152706,0.024582
-0.154992,0.125012,0.014007
-0.095583,0.135163,-0.006857
-0.073361,0.174765,-0.032672
-0.067336,0.160022,0.053705
-0.139544,0.189786,-0.003824
-0.079367,0.162831,-0.040599
-0.115525,0.154132,-0.069252
-0.146323,0.138065,-0.002589
-0.086090,0.147651,-0.010768
-0.112843,0.142879,-0.063873
-0.032976,0.081341,0.028252
-0.105896,0.164206,-0.000835
-0.134826,0.165464,-0.032317
-0.145374,0.181116,0.078771
-0.069783,0.145122,-0.058054
-0.231114,0.243743,0.239487
-0.243738,0.280269,0.188798
-0.207385,0.258237,0.171751
-0.152951,0.356468,0.144725
-0.215358,0.294889,0.249890
-0.203056,0.287225,0.107550
-0.206684,0.296340,0.095853
-0.264415,0.317284,0.111888
-0.277039,0.274275,0.190169
-0.186912,0.318406,0.180963
-0.258404,0.262303,0.148210
-0.132805,0.277865,0.264931
-0.213716,0.305656,0.220176
-0.298335,0.270743,0.098355
-0.271843,0.289957,0.278438
-0.170741,0.255270,0.212355
-0.343942,0.115945,0.127054
-0.456335,0.248176,0.072699
-0.368074,0.226175,0.044199
-0.266050,0.344175,0.022790
-0.323258,0.209278,0.191663
-0.401986,0.297704,-0.047353
-0.303994,0.281384,-0.036548
-0.558675,0.368607,0.002929
-0.354005,0.152687,0.074647
-0.277795,0.328065,0.036602
-0.413079,0.250245,0.011668
-0.239334,0.237481,0.127262
-0.376427,0.333431,0.049172
-0.618320,0.263757,-0.000056
-0.413209,0.198169,0.181388
-0.300050,0.168282,0.009016
0.285671,-0.291032,0.522110
0.114473,-0.181604,0.412790
0.231685,-0.254833,0.354977
0.157585,-0.071889,0.288503
0.292336,-0.268464,0.529814
0.076917,-0.193990,0.228804
0.141258,-0.156453,0.189406
0.080525,-0.080810,0.215616
0.241346,-0.352132,0.419337
0.158408,-0.134584,0.310984
0.172941,-0.157159,0.302545
0.307464,-0.237715,0.446796
0.200417,-0.125543,0.406530
0.046368,-0.175837,0.295460
0.220049,-0.273435,0.473313
0.251589,-0.234117,0.348151
0.032930,-0.093524,-0.046458
0.036351,-0.057775,-0.086162
0.076984,-0.035994,-0.077042
0.173744,-0.056575,-0.132595
0.079144,-0.050583,-0.026177
0.067840,-0.055604,-0.093686
0.062516,-0.066207,-0.137279
0.051837,-0.056047,-0.137109
0.085497,-0.096360,-0.106657
0.185645,-0.030511,-0.107084
0.019382,-0.068112,-0.157321
0.103951,-0.088051,-0.061600
0.085647,-0.057077,-0.074390
-0.007210,-0.097792,-0.090622
0.026611,-0.081304,-0.035690
0.156601,-0.064877,-0.094539
-0.044167,-0.136606,0.075223
-0.050217,-0.020493,0.030076
-0.031922,-0.076755,-0.000988
0.013034,0.050395,0.019198
-0.029361,-0.105164,0.169299
-0.050869,-0.098648,-0.063364
-0.003902,-0.018853,-0.089656
-0.124148,0.005164,-0.018402
-0.028305,-0.077585,0.064724
0.005191,0.007208,0.038091
-0.053977,-0.080909,-0.113732
0.033698,-0.031815,0.128268
-0.048644,0.008304,0.068489
-0.143576,-0.127494,-0.043238
-0.076632,0.109122,0.196344
-0.022417,-0.071116,-0.034306
-0.077548,-0.074414,-0.015817
-0.153262,0.037119,-0.063786
-0.005999,-0.061218,-0.107466
0.068305,0.040761,-0.137190
-0.022084,0.047427,0.023750
-0.106077,0.008001,-0.100985
0.023202,-0.057159,-0.143956
-0.128655,0.042760,-0.103284
0.003898,-0.058261,-0.103782
0.054772,0.004534,-0.110767
-0.094116,-0.035608,-0.114112
0.084190,-0.030704,-0.019221
-0.072270,0.051791,-0.039275
-0.194950,-0.030456,-0.095721
-0.161848,0.005572,0.017077
0.117785,-0.059330,-0.086094
-0.001654,-0.038985,0.235516
-0.076589,0.036171,0.178121
0.006199,0.030132,0.180043
0.019415,0.039021,0.151890
0.027581,0.012927,0.238749
-0.023201,0.011731,0.156589
0.033052,0.047860,0.134846
-0.090360,0.044690,0.126037
0.026906,0.011665,0.229991
0.031771,0.031859,0.218722
-0.031447,-0.024092,0.152311
0.065501,0.025070,0.239646
-0.039127,0.042647,0.185494
-0.159574,0.022442,0.147135
-0.029468,0.007968,0.235549
0.079142,0.012510,0.221850
-0.052264,-0.077429,0.051829
-0.137088,0.007373,0.018372
0.000631,-0.077891,-0.025444
0.061574,0.118647,0.034214
-0.066397,-0.024725,0.087476
-0.064698,0.004690,0.009602
0.050492,0.008032,-0.026209
-0.098143,0.091759,-0.026152
-0.047277,-0.105071,-0.027589
0.032666,0.072972,0.012803
-0.107258,-0.054963,-0.013587
0.072235,0.017551,0.072053
-0.036826,0.038963,0.036661
-0.206681,-0.043060,-0.010193
-0.155973,0.030664,0.088414
0.094200,-0.049136,0.000809
0.079193,-0.103725,-0.056017
0.079515,-0.093704,-0.054315
0.081869,-0.081758,-0.063776
0.075920,-0.065638,-0.058077
0.062526,-0.085656,-0.049647
0.077272,-0.083555,-0.045794
0.059596,-0.077591,-0.067680
0.085155,-0.075943,-0.064023
0.079633,-0.088609,-0.057129
0.097150,-0.082631,-0.065510
0.090404,-0.092868,-0.061119
0.082168,-0.090824,-0.047536
0.082266,-0.080032,-0.054605
0.085145,-0.113158,-0.063075
0.074059,-0.082858,-0.048557
0.062993,-0.112317,-0.057881
0.134820,-0.083649,-0.150812
0.043729,0.015326,-0.150824
0.132837,-0.026560,-0.189817
0.151550,-0.040991,-0.197289
0.109156,-0.016623,-0.135664
0.061049,-0.011691,-0.217124
0.118552,-0.053794,-0.209209
0.033593,-0.024103,-0.196413
0.130445,-0.058146,-0.183012
0.129412,-0.025935,-0.195061
0.068744,-0.030257,-0.170632
0.164564,-0.018452,-0.148493
0.099692,0.020280,-0.161899
-0.002525,-0.031256,-0.194485
0.030792,-0.027153,-0.145043
0.159998,-0.033529,-0.161246
-0.006094,-0.088452,-0.011110
-0.044514,-0.036585,-0.004845
-0.013946,-0.061621,0.007923
-0.020127,-0.038579,-0.011370
-0.016299,-0.070422,0.010961
-0.029861,-0.028581,-0.014136
-0.016689,-0.034199,0.002083
-0.088018,0.005063,-0.010275
0.002873,-0.091834,-0.008477
-0.023004,-0.016812,0.029728
-0.043479,-0.055151,-0.004197
0.017348,-0.042714,-0.016250
-0.030171,-0.034470,0.008206
-0.121989,-0.055565,0.017238
-0.056135,-0.025731,0.028366
-0.002721,-0.042045,-0.019831
-0.119737,-0.205568,-0.233204
-0.163613,-0.119017,-0.237673
-0.058082,-0.138917,-0.266984
-0.008646,-0.070848,-0.314493
-0.067299,-0.134837,-0.185050
-0.130665,-0.133800,-0.311602
-0.071295,-0.126874,-0.321347
-0.205199,-0.052775,-0.305235
-0.092605,-0.203728,-0.288277
-0.055398,-0.084815,-0.290410
-0.178274,-0.117892,-0.265060
0.004751,-0.144120,-0.222840
-0.117277,-0.088467,-0.222990
-0.286698,-0.119844,-0.300038
-0.156811,-0.130656,-0.174673
0.011971,-0.159283,-0.268984
0.051066,0.012458,-0.042037
-0.030244,0.033951,-0.016770
0.101609,0.003088,-0.071035
0.094677,0.069964,-0.078197
0.030889,0.066873,0.037529
-0.002626,0.039634,-0.115279
0.095713,-0.005637,-0.105584
0.007739,0.066305,-0.130864
0.046078,0.034889,-0.041704
0.124085,0.040076,-0.053968
0.000670,-0.003592,-0.064920
0.055920,0.010076,0.040511
0.021948,0.054849,-0.019338
-0.095438,0.062857,-0.109891
-0.046290,0.065755,0.015276
0.130249,0.025185,-0.061070
-0.045501,0.093212,-0.094052
-0.184806,0.054087,-0.059221
-0.080673,0.114077,-0.050015
-0.052458,0.131338,-0.100812
-0.108755,0.115353,-0.101171
-0.119017,0.081441,-0.083854
-0.041357,0.080070,-0.093162
-0.136140,0.128241,-0.104280
-0.115404,0.074203,-0.091371
-0.060321,0.111964,-0.117484
-0.112164,0.088784,-0.081282
-0.014135,0.069525,-0.115220
-0.089585,0.123797,-0.101120
-0.147022,0.122416,-0.077809
-0.199027,0.123291,-0.059865
-0.039105,0.070849,-0.086283
-0.062812,-0.052416,0.020431
-0.069588,-0.015638,-0.011849
-0.057731,-0.016902,-0.084753
-0.038699,0.074038,-0.076354
-0.039903,0.028056,0.031757
-0.072371,0.005610,-0.061314
-0.060702,0.012003,-0.113792
-0.088279,0.058272,-0.108852
-0.063010,-0.040275,-0.052136
-0.034642,0.030711,-0.054927
-0.091430,-0.019644,-0.072696
-0.025814,-0.008638,0.047259
-0.088932,0.051004,-0.011943
-0.095177,0.000809,-0.057188
-0.098988,0.060512,0.053454
-0.037057,-0.011033,-0.044589
0.031687,-0.119305,-0.007702
-0.014129,0.007815,-0.049513
0.112768,-0.095059,-0.085765
0.124974,0.031102,-0.149963
0.077185,-0.003250,0.035510
-0.021113,0.051256,-0.196853
0.136966,-0.018017,-0.164842
-0.012674,0.034288,-0.108671
0.111303,-0.099662,-0.046581
0.140439,0.021160,-0.112671
0.036918,-0.066550,-0.157771
0.164825,-0.031642,0.023733
0.077635,0.017273,-0.079695
-0.061203,-0.098195,-0.140513
-0.028129,-0.042811,0.045332
0.155301,-0.089251,-0.109701
-0.137711,-0.021533,0.133874
-0.150324,0.083695,0.085720
-0.093845,0.095676,0.045039
-0.039665,0.127230,0.004854
-0.111723,0.119970,0.112545
-0.139621,0.085886,0.049619
-0.048746,0.083043,0.013237
-0.165605,0.097716,0.012482
-0.133181,0.001511,0.064793
-0.074971,0.090711,0.057276
-0.137796,0.112709,0.004258
-0.041516,0.137770,0.045180
-0.116612,0.127367,0.081104
-0.209037,0.084672,0.045336
-0.120503,0.061574,0.147013
-0.062559,0.026689,0.007903
0.028733,-0.086908,-0.012260
-0.000320,-0.066839,-0.011181
0.032236,-0.075454,-0.023041
0.032242,-0.060958,-0.026100
0.028605,-0.070278,-0.002284
0.018744,-0.068179,-0.016248
0.021375,-0.054416,-0.033614
-0.002222,-0.063428,-0.031485
0.022916,-0.079173,-0.016751
0.028054,-0.066453,-0.020513
0.000192,-0.065768,-0.007635
0.040598,-0.064152,-0.010166
0.016028,-0.059872,-0.017419
-0.019564,-0.077684,-0.027109
0.004987,-0.069928,-0.001362
0.037331,-0.080435,-0.030305
0.023856,0.018307,0.084098
-0.092119,0.087200,0.032639
0.002550,0.014973,0.014106
-0.018170,0.097175,-0.044221
0.039429,0.097589,0.119984
-0.045780,0.084476,-0.021686
0.040058,0.010806,-0.070528
-0.082252,0.122575,-0.064938
0.008757,0.021787,0.021096
0.014862,0.052871,0.025693
-0.064010,0.010410,0.002332
0.072643,-0.001466,0.134675
-0.031899,0.073013,0.079419
-0.160383,0.061726,-0.053000
-0.158463,0.066017,0.133965
0.078979,0.029457,0.054440
-0.156599,0.388886,-0.055477
-0.260413,0.394864,-0.125602
-0.077876,0.308061,-0.132456
-0.029412,0.830533,-0.111578
-0.095546,0.467039,-0.008945
-0.172305,0.394010,-0.148288
-0.026510,0.471009,-0.256850
-0.268807,0.574596,-0.215428
-0.181680,0.318859,-0.127919
-0.012488,0.564137,-0.084835
-0.159890,0.343191,-0.197990
-0.003355,0.436961,-0.063371
-0.099777,0.512674,-0.089680
-0.280964,0.393102,-0.201121
-0.225399,0.561344,-0.026356
-0.007858,0.319365,-0.176028
0.033929,-0.114206,0.040241
-0.109693,-0.059138,0.018354
0.075608,-0.045580,-0.069146
0.131458,-0.023858,-0.043979
0.049408,-0.098826,0.064458
-0.074801,-0.080907,-0.046056
0.084845,-0.072661,-0.044271
-0.050301,-0.050939,-0.083167
0.008696,-0.118978,-0.026516
0.093354,-0.059205,-0.021743
-0.057463,-0.080978,-0.022262
0.092860,-0.037941,0.057190
-0.018266,-0.045156,0.032742
-0.177784,-0.053179,-0.073327
-0.072573,-0.068011,0.080416
0.170953,-0.073067,0.002723
0.021296,0.021516,-0.108641
-0.037655,0.042430,-0.166995
0.063629,-0.005710,-0.184315
0.087368,0.088607,-0.138178
0.062326,0.076126,-0.044441
-0.028241,0.078343,-0.224304
0.067622,0.058363,-0.196315
-0.022023,0.020122,-0.229775
-0.011663,0.031805,-0.163535
0.130440,0.056542,-0.130556
0.000592,-0.048422,-0.167773
0.065795,0.035474,-0.029119
-0.005926,0.049414,-0.103243
-0.087146,0.110108,-0.232686
-0.086233,0.060316,-0.117002
0.123727,-0.007385,-0.141173
-0.159494,0.120304,-0.023309
-0.169360,0.119027,-0.020921
-0.134986,0.120262,0.009873
-0.082863,0.220892,-0.037586
-0.148279,0.173217,-0.017391
-0.168126,0.156882,-0.024782
-0.133305,0.122964,-0.010300
-0.164305,0.186660,-0.020447
-0.175180,0.089242,-0.014537
-0.126169,0.161168,-0.044385
-0.142444,0.125237,-0.020431
-0.097709,0.113439,-0.045628
-0.121140,0.184983,-0.025881
-0.163865,0.164150,0.003339
-0.214215,0.133078,0.015796
-0.109089,0.104718,0.000826
-0.161689,0.085829,-0.081942
-0.175110,0.098513,-0.084004
-0.125292,0.123100,-0.063730
-0.105085,0.131429,-0.082777
-0.126002,0.163185,-0.065684
-0.185839,0.115635,-0.061516
-0.096796,0.111634,-0.024025
-0.153672,0.115062,-0.074485
-0.163346,0.062652,-0.108115
-0.089058,0.127003,-0.074808
-0.143965,0.122960,-0.103319
-0.081889,0.075113,-0.088974
-0.147635,0.114154,-0.092094
-0.131507,0.125261,-0.069122
-0.201061,0.173590,-0.051382
-0.114613,0.079600,-0.113064
0.262976,0.149781,0.179594
0.246419,0.162572,0.153622
0.283300,0.135765,0.144279
0.257667,0.140950,0.135964
0.246662,0.136997,0.202042
0.231587,0.153155,0.108761
0.294771,0.154394,0.130772
0.242113,0.122114,0.123096
0.269869,0.119224,0.168189
0.274044,0.149757,0.139147
0.261393,0.142553,0.114903
0.261271,0.215837,0.155843
0.281037,0.143782,0.123604
0.219382,0.143315,0.158059
0.222154,0.154113,0.206159
0.267793,0.162241,0.157849
0.050871,-0.037014,-0.070750
0.067661,-0.024077,-0.070504
0.062245,-0.022042,-0.064638
0.052239,-0.021640,-0.071007
0.048372,-0.018509,-0.066628
0.066620,-0.025328,-0.070717
0.060489,-0.026501,-0.075186
0.048612,-0.009093,-0.078123
0.053197,-0.038777,-0.072594
0.064151,-0.017736,-0.076502
0.054960,-0.030146,-0.071502
0.058781,-0.027378,-0.075068
0.061300,-0.027092,-0.068924
0.050601,-0.017210,-0.061031
0.047223,-0.018918,-0.073022
0.062574,-0.040325,-0.065247
0.095316,-0.011657,-0.029958
0.063446,0.060852,-0.035274
0.116005,0.021120,-0.042799
0.142650,0.011047,-0.074441
0.111661,0.024770,-0.001936
0.074545,0.027613,-0.056698
0.098986,0.024718,-0.068262
0.041447,0.047330,-0.045358
0.101900,0.015830,-0.045592
0.136604,0.007194,-0.062626
0.044932,0.015108,-0.037925
0.142154,0.011566,-0.012236
0.107504,0.042704,-0.033834
0.009316,0.042954,-0.037935
0.055887,0.012975,0.006653
0.126079,0.030686,0.003108
0.089902,-0.075594,-0.035665
-0.058289,-0.018990,-0.062310
0.068946,-0.048700,-0.161891
0.146971,0.014858,-0.168731
0.105873,-0.031627,0.043497
0.009704,-0.028910,-0.096985
0.131125,-0.049261,-0.136454
-0.045743,0.025432,-0.182774
0.055404,-0.094434,-0.128212
0.190675,-0.021822,-0.103809
-0.061963,-0.067327,-0.186329
0.191281,-0.001929,-0.008001
0.034750,-0.034759,-0.028653
-0.132884,-0.049897,-0.108119
-0.050148,-0.031297,0.014994
0.195109,-0.057147,-0.075686
-0.090334,-0.124208,-0.016765
-0.121567,-0.115890,0.004174
-0.090156,-0.114701,-0.014990
-0.100970,-0.111510,0.001899
-0.109735,-0.116197,-0.002511
-0.118922,-0.114434,-0.005046
-0.094614,-0.114099,0.000537
-0.112920,-0.102838,-0.006242
-0.118436,-0.126599,0.019129
-0.104883,-0.109108,-0.011992
-0.113246,-0.122439,-0.004715
-0.077289,-0.100042,0.004445
-0.100239,-0.102552,-0.011321
-0.124148,-0.126486,0.002969
-0.106944,-0.122782,0.021461
-0.079344,-0.116304,-0.002978
0.076014,-0.144242,-0.106535
0.076534,-0.123545,-0.092089
0.087443,-0.130138,-0.110835
0.076558,-0.112295,-0.095294
0.086133,-0.127587,-0.111134
0.089409,-0.128485,-0.099781
0.089329,-0.126248,-0.108196
0.075552,-0.116737,-0.106505
0.091028,-0.139373,-0.101398
0.092485,-0.130134,-0.115705
0.071104,-0.120018,-0.104629
0.086198,-0.129130,-0.110870
0.077024,-0.125563,-0.098019
0.073938,-0.128788,-0.107654
0.081639,-0.115328,-0.099896
0.094394,-0.133558,-0.109750
-0.139667,-0.127543,0.250606
-0.154409,-0.041286,0.246788
-0.043412,-0.068781,0.240089
-0.050559,0.073312,0.248271
-0.123045,-0.071882,0.260032
-0.131106,-0.043116,0.233855
-0.068289,-0.006616,0.196236
-0.118860,0.030099,0.212885
-0.134776,-0.117700,0.237710
-0.059250,0.021193,0.248059
-0.095142,-0.060777,0.274955
-0.074964,-0.017551,0.245252
-0.081753,0.006568,0.240907
-0.135616,-0.098335,0.253511
-0.143245,-0.063603,0.260175
-0.047867,-0.085742,0.240026
0.012064,-0.033210,-0.066172
-0.009160,-0.053076,-0.109808
0.011983,-0.057475,-0.138105
0.022769,-0.043201,-0.140620
-0.009670,-0.051286,-0.063560
-0.022926,-0.063524,-0.112044
0.043666,-0.062649,-0.131404
-0.028048,-0.073105,-0.134315
0.016844,-0.012893,-0.118617
0.071043,-0.036233,-0.099014
0.006446,-0.060993,-0.159829
0.075727,-0.056091,-0.077976
-0.003525,-0.049596,-0.069259
-0.049819,-0.068963,-0.144729
-0.038865,-0.003901,-0.044944
0.019164,-0.076943,-0.158446
0.009197,-0.115672,-0.008166
0.001286,-0.103680,-0.005013
0.014941,-0.112033,-0.009678
0.018147,-0.110884,-0.012494
0.010058,-0.109555,-0.002306
0.005789,-0.113020,-0.007096
0.018560,-0.105958,-0.006050
0.000426,-0.105714,-0.009169
0.000871,-0.110403,0.000174
0.026650,-0.109121,-0.002963
0.001696,-0.118603,0.004727
0.016324,-0.114533,0.000287
0.001050,-0.104788,-0.006669
-0.000893,-0.122674,-0.016363
-0.002460,-0.113709,0.001788
0.025415,-0.114620,-0.004499
0.001519,-0.056926,-0.148875
0.013996,-0.044411,-0.147501
-0.016341,-0.052862,-0.191855
0.014037,0.014756,-0.141445
-0.001803,-0.046389,-0.112514
-0.002751,-0.028769,-0.167336
0.006537,-0.023006,-0.179168
-0.005371,-0.018569,-0.185597
0.005595,-0.069472,-0.159154
-0.001711,-0.023450,-0.168796
0.009829,-0.039521,-0.162156
0.049229,-0.057187,-0.135321
0.006563,-0.002216,-0.139514
-0.031671,-0.047080,-0.191769
0.006464,-0.020842,-0.128337
0.000459,-0.072351,-0.173559
-0.050995,-0.081212,-0.003187
-0.133253,-0.046994,-0.036173
0.028749,-0.049976,-0.027665
0.079602,0.013409,-0.090920
0.006215,-0.053834,0.079871
0.009289,-0.022893,0.011593
0.054993,-0.023730,-0.082001
-0.082155,0.053933,-0.060172
-0.043351,-0.049285,-0.031236
0.049356,0.020146,-0.015923
-0.087039,-0.044921,-0.051797
0.129199,-0.057941,0.022984
0.005255,-0.018432,0.009842
-0.155083,-0.068704,-0.026882
-0.184991,-0.031537,0.048644
0.109840,-0.080423,-0.048176
-0.002018,0.041104,-0.306675
-0.096294,0.091774,-0.387170
0.017476,0.080406,-0.384802
0.075576,0.145062,-0.446568
-0.000459,0.121597,-0.318973
-0.047550,0.115644,-0.429156
0.051111,0.082774,-0.467705
-0.054779,0.134134,-0.481756
-0.060970,0.067551,-0.366200
0.036698,0.078960,-0.373153
-0.094959,0.103987,-0.386286
0.096517,0.069743,-0.278123
-0.035540,0.063328,-0.364829
-0.144147,0.125873,-0.621932
-0.079220,0.103536,-0.304215
0.077211,0.056869,-0.351623
0.104503,-0.129335,-0.014176
0.135041,-0.024276,-0.033327
0.134398,-0.060465,-0.058272
0.145426,-0.042752,-0.079299
0.107387,-0.067434,-0.017133
0.116572,-0.043195,-0.035484
0.118705,-0.045990,-0.082034
0.146123,-0.038298,-0.070470
0.132815,-0.104550,-0.032698
0.162505,-0.058741,-0.055229
0.130434,-0.056437,-0.064867
0.134416,-0.051314,-0.004592
0.135253,-0.046696,-0.041434
0.118087,-0.061094,-0.054461
0.052137,-0.048114,-0.006612
0.141810,-0.078542,-0.043582
0.050856,-0.149347,-0.093657
-0.006552,-0.124731,-0.086123
0.114452,-0.082527,-0.137653
0.180102,-0.073689,-0.137805
0.047477,-0.115515,-0.049340
0.034290,-0.112481,-0.123676
0.168143,-0.116413,-0.152465
-0.020816,-0.104071,-0.121746
0.051229,-0.123635,-0.111810
0.170704,-0.098235,-0.138982
-0.009721,-0.124667,-0.150335
0.173501,-0.121512,-0.102955
0.048509,-0.105180,-0.080859
-0.070576,-0.113922,-0.172142
-0.020163,-0.137370,-0.070002
0.175244,-0.109735,-0.129385
-0.017688,-0.125121,0.069650
-0.097386,-0.042694,0.034427
0.018393,-0.102590,0.035135
0.037092,-0.015102,0.015226
0.011558,-0.025715,0.093131
-0.044506,-0.053739,0.015899
0.001965,-0.073545,-0.014741
-0.050302,-0.047751,0.002438
-0.019193,-0.097663,0.032698
0.043420,-0.033286,0.042480
-0.046726,-0.114122,0.031889
0.067851,-0.077474,0.102610
-0.024265,-0.023631,0.060194
-0.108113,-0.104514,0.011473
-0.059446,-0.019869,0.060463
0.080436,-0.104014,0.046501
-0.111652,-0.147212,0.011635
-0.112681,-0.098128,-0.017052
-0.080375,-0.130574,-0.016460
-0.046885,-0.068221,-0.058942
-0.069522,-0.095467,-0.010902
-0.104468,-0.104847,-0.018277
-0.067913,-0.116713,-0.057189
-0.132001,-0.091427,-0.038937
-0.109842,-0.140925,-0.031111
-0.052979,-0.099426,-0.040153
-0.099465,-0.118996,-0.017775
-0.049724,-0.101016,-0.004762
-0.106364,-0.105350,-0.014735
-0.132028,-0.138891,-0.062527
-0.146787,-0.105187,0.001387
-0.041114,-0.127571,-0.030516
0.032386,-0.022833,0.136242
0.031840,-0.032823,0.138745
0.037677,-0.027269,0.126735
0.069182,0.004281,0.116772
0.055677,-0.009141,0.145372
0.042669,-0.026441,0.140568
0.065678,-0.020505,0.128819
0.036548,-0.000524,0.112829
0.049360,-0.017815,0.135066
0.073221,-0.035608,0.132667
0.037055,-0.009345,0.135036
0.072416,-0.010059,0.137912
0.043237,-0.006594,0.140351
0.028644,-0.026422,0.133917
0.033820,-0.030558,0.129551
0.056496,-0.054817,0.117785
0.018813,-0.093542,-0.091960
0.037962,-0.085241,-0.085462
0.027527,-0.077053,-0.080959
0.028826,-0.073752,-0.089445
0.011243,-0.081802,-0.095180
0.029178,-0.088149,-0.079547
0.034857,-0.077774,-0.076830
0.037317,-0.077213,-0.081024
0.029004,-0.098751,-0.088388
0.036410,-0.080103,-0.090057
0.036302,-0.086233,-0.095189
0.018974,-0.086934,-0.103620
0.031324,-0.083582,-0.090726
0.043643,-0.097850,-0.074681
0.027380,-0.088830,-0.087291
0.025254,-0.094098,-0.096126
0.097719,0.041781,0.119552
0.085088,0.014030,0.086346
0.113286,0.061983,0.089815
0.110332,0.081270,0.014794
0.084648,0.055476,0.133071
0.077527,0.015840,0.039593
0.155897,0.019332,0.008805
0.080044,0.053840,0.030535
0.084076,0.041242,0.122057
0.128676,0.060972,0.070631
0.092430,0.051883,0.029984
0.173561,0.054265,0.135137
0.121098,0.034601,0.085072
0.055150,0.096004,0.028919
0.051891,0.053627,0.122092
0.121172,0.012722,0.057993
-0.030680,0.007869,-0.062366
-0.079706,0.018858,-0.046729
-0.035889,0.018042,-0.042608
-0.038158,0.019498,-0.061418
-0.049231,0.011617,-0.056210
-0.068616,0.005456,-0.054925
-0.029511,0.015594,-0.062818
-0.063424,0.033929,-0.066875
-0.050355,0.018834,-0.025861
-0.048397,0.009556,-0.059423
-0.051003,-0.010606,-0.037367
-0.028128,0.010883,-0.045167
-0.062089,0.010521,-0.044946
-0.090449,0.025797,-0.058217
-0.084108,0.023141,-0.039849
-0.018527,0.001666,-0.039461
-0.132473,-0.019931,0.072775
-0.125496,0.063157,0.052829
-0.130111,0.012631,0.054440
-0.115750,0.065631,0.008636
-0.095288,0.043946,0.117616
-0.136714,0.056271,0.003501
-0.102230,0.036383,0.008245
-0.144691,0.092422,-0.011148
-0.100209,-0.008120,0.068080
-0.117773,0.065235,0.027896
-0.154366,0.077195,0.022429
-0.065125,0.047981,0.084208
-0.114265,0.063145,0.042427
-0.195803,0.075961,-0.002743
-0.117455,0.052943,0.089609
-0.090039,0.039398,0.027999
-0.169343,-0.033678,-0.074092
-0.114449,-0.003975,-0.090380
-0.084510,-0.011926,-0.060039
-0.077329,0.034680,-0.118173
-0.139760,0.005693,-0.040200
-0.133064,0.020651,-0.077842
-0.068776,0.012530,-0.096734
-0.131153,0.018805,-0.091622
-0.144754,-0.022530,-0.044571
-0.076600,0.008388,-0.076071
-0.128134,-0.034589,-0.090133
-0.082276,-0.014497,-0.056778
-0.127911,0.026860,-0.062594
-0.163714,-0.021470,-0.087580
-0.146240,-0.008185,-0.035321
-0.050992,-0.038260,-0.112510
-0.114815,0.183122,0.046240
-0.119806,0.202972,0.058570
-0.128274,0.186602,0.046263
-0.127048,0.235810,0.047806
-0.138734,0.194621,0.045390
-0.127515,0.195958,0.039981
-0.096900,0.184227,0.059047
-0.120029,0.224358,0.043817
-0.110086,0.160405,0.051829
-0.153122,0.226613,0.055101
-0.132499,0.212827,0.047293
-0.095449,0.216241,0.038874
-0.122654,0.206098,0.031284
-0.150080,0.193030,0.056055
-0.118925,0.223069,0.043926
-0.114782,0.179044,0.043438
-0.190037,0.104399,-0.047264
-0.203549,0.114034,-0.033553
-0.173335,0.105238,-0.038912
-0.110779,0.297020,-0.024675
-0.205252,0.099889,-0.070614
-0.174107,0.138751,-0.046656
-0.136724,0.148507,-0.044264
-0.178145,0.227797,-0.044972
-0.201333,0.075620,-0.028081
-0.160498,0.194289,-0.042389
-0.188340,0.125558,-0.060159
-0.147658,0.128836,-0.075713
-0.172804,0.169764,-0.069909
-0.207704,0.138429,-0.039130
-0.236272,0.145555,-0.009944
-0.146295,0.062427,-0.083782
0.078422,-0.114396,-0.046347
0.072708,-0.102675,-0.054544
0.078264,-0.107454,-0.058130
0.077909,-0.097713,-0.060119
0.076972,-0.104948,-0.045414
0.078502,-0.103483,-0.051940
0.071970,-0.114178,-0.060071
0.071189,-0.114469,-0.060018
0.091604,-0.127259,-0.062074
0.084064,-0.104653,-0.061586
0.065465,-0.110345,-0.054513
0.084401,-0.107966,-0.047937
0.080537,-0.104241,-0.049326
0.074956,-0.117954,-0.063225
0.070726,-0.109391,-0.039677
0.078961,-0.119370,-0.050751
-0.062871,-0.313222,-0.185046
-0.082498,-0.248991,-0.183532
-0.071570,-0.296771,-0.185447
-0.037241,-0.183699,-0.205605
-0.067428,-0.244816,-0.197185
-0.062158,-0.247334,-0.192044
-0.043079,-0.233400,-0.196716
-0.086918,-0.206604,-0.179260
-0.075190,-0.293287,-0.195493
-0.023639,-0.214862,-0.208025
-0.067633,-0.268481,-0.206263
-0.030800,-0.247610,-0.193912
-0.053767,-0.215206,-0.197000
-0.090858,-0.241646,-0.182362
-0.088540,-0.218262,-0.184807
-0.037821,-0.294003,-0.185190
-0.039122,-0.087098,-0.025195
-0.040334,-0.076340,-0.027992
-0.035656,-0.076503,-0.027765
-0.034377,-0.080495,-0.024853
-0.041092,-0.078804,-0.024049
-0.041606,-0.078626,-0.033460
-0.031188,-0.068389,-0.032773
-0.047923,-0.070741,-0.030785
-0.037094,-0.085364,-0.036358
-0.031765,-0.082450,-0.034978
-0.029496,-0.076900,-0.034718
-0.030762,-0.086240,-0.039087
-0.051768,-0.068308,-0.026218
-0.037637,-0.083669,-0.037820
-0.037087,-0.078262,-0.026533
-0.029309,-0.085067,-0.025356
0.025335,-0.082511,-0.051911
0.018445,-0.050768,-0.058055
0.037417,-0.072545,-0.067762
0.034163,-0.046524,-0.068715
0.026648,-0.071217,-0.054848
0.033218,-0.057585,-0.059230
0.022036,-0.065646,-0.076237
0.019940,-0.053569,-0.085773
0.029580,-0.084357,-0.068158
0.022632,-0.067804,-0.071109
0.017335,-0.057784,-0.056290
0.031911,-0.053375,-0.051679
0.034463,-0.064624,-0.049639
-0.000769,-0.071334,-0.085991
0.009932,-0.065677,-0.058937
0.039667,-0.074232,-0.065261
-0.055678,0.044210,-0.077076
-0.061117,0.032135,-0.072411
-0.062399,0.045512,-0.059572
-0.078587,0.061909,-0.027832
-0.076916,0.025960,-0.076733
-0.072854,0.052859,-0.045017
-0.085633,0.037518,-0.025712
-0.011354,0.039264,-0.037016
-0.069227,0.010987,-0.053981
-0.079620,0.031016,-0.069920
-0.037127,0.021957,-0.039965
-0.100802,0.023644,-0.081059
-0.061131,0.054015,-0.072626
-0.003889,0.026875,-0.041893
-0.047893,0.031118,-0.066526
-0.073139,0.033323,-0.070387
-0.039761,-0.129445,-0.166452
-0.059677,-0.096193,-0.164745
-0.020676,-0.104321,-0.175976
0.005314,-0.038412,-0.165357
-0.039536,-0.097394,-0.116704
-0.047865,-0.116152,-0.178741
-0.010880,-0.106044,-0.170148
-0.067617,-0.087653,-0.163247
-0.006561,-0.125623,-0.180516
0.002488,-0.062349,-0.158650
-0.051234,-0.107352,-0.156865
0.007406,-0.094436,-0.149810
-0.033600,-0.088863,-0.162309
-0.066698,-0.148702,-0.177506
-0.044807,-0.071793,-0.146116
0.021429,-0.121328,-0.147520
0.111460,0.016914,0.131993
-0.033402,0.071279,0.027284
0.166639,0.023494,-0.030582
0.150231,0.106927,-0.016133
0.174411,0.090846,0.138011
0.048989,0.088883,-0.084255
0.137054,0.019962,-0.124327
-0.108647,0.099561,-0.122557
0.143777,0.082189,0.009807
0.198442,0.008578,-0.011255
0.037243,0.035801,-0.098247
0.225173,0.038609,0.167827
0.116932,0.069609,0.054874
-0.159795,0.054907,-0.038180
0.061673,0.046646,0.091900
0.220691,0.032996,0.013673
0.104396,0.103458,-0.027635
0.121044,0.166001,-0.082848
0.128030,0.130626,-0.153104
0.189222,0.390770,-0.090498
0.114482,0.183136,-0.003332
0.104424,0.199112,-0.113361
0.145519,0.227197,-0.170411
0.075534,0.244276,-0.152806
0.118892,0.085409,-0.094835
0.176517,0.256014,-0.087957
0.093598,0.145189,-0.115339
0.208217,0.205862,-0.025501
0.161015,0.238693,-0.052360
0.052081,0.104548,-0.112766
0.151912,0.210854,-0.003460
0.156663,0.145362,-0.088685
0.223402,-0.030324,-0.111135
0.225586,-0.021881,-0.114259
0.231414,-0.027781,-0.113330
0.221899,-0.025777,-0.109951
0.225361,-0.026366,-0.103935
0.224821,-0.023443,-0.109779
0.225489,-0.025192,-0.116612
0.223667,-0.024137,-0.112565
0.222563,-0.021334,-0.113858
0.227397,-0.022183,-0.108483
0.228516,-0.021693,-0.106153
0.222916,-0.025021,-0.110955
0.223800,-0.026899,-0.110213
0.220071,-0.029103,-0.118446
0.217243,-0.018005,-0.114760
0.221974,-0.026435,-0.102031
-0.047219,-0.080660,-0.074205
-0.188893,-0.004021,-0.071061
-0.084222,-0.011950,-0.133972
-0.039471,0.167913,-0.139987
-0.075923,-0.004203,-0.058487
-0.119248,0.049720,-0.152491
-0.104790,0.029173,-0.210244
-0.141225,0.090989,-0.145584
-0.065061,-0.110386,-0.109949
-0.029431,0.123650,-0.128661
-0.108159,-0.057871,-0.195992
-0.037988,0.023286,-0.042238
-0.109872,0.098063,-0.090151
-0.231600,-0.043861,-0.072419
-0.175335,0.049248,-0.008992
0.006768,-0.047420,-0.165889
