-0.002249,-0.000945,-0.003637
-0.003409,-0.002809,-0.003924
-0.002683,-0.000559,-0.004574
-0.003636,-0.000645,-0.004106
-0.008018,0.002465,-0.003987
-0.005879,-0.001166,-0.003536
-0.004824,0.002518,-0.002509
-0.004385,0.001249,-0.004913
-0.004827,0.001730,-0.005071
-0.006093,0.000859,-0.003243
-0.004745,0.001498,-0.004513
-0.002098,0.000830,-0.004423
-0.003057,0.002761,-0.002790
-0.003948,0.000025,-0.004321
-0.005201,0.001274,-0.003147
-0.002484,0.002240,-0.003581
0.004692,-0.000805,-0.007447
0.003851,-0.000930,-0.007042
0.003973,0.000957,-0.010053
0.003644,-0.000493,-0.006956
0.002286,0.000435,-0.007204
0.004402,0.000057,-0.006850
0.003619,0.000999,-0.006591
0.001726,-0.000930,-0.009750
0.003183,0.002089,-0.007984
0.002775,-0.001386,-0.008481
0.004206,0.001356,-0.006518
0.004509,-0.000723,-0.007283
0.004149,0.002021,-0.006892
0.002014,0.001014,-0.006051
0.002854,0.001259,-0.006762
0.003943,0.000432,-0.006818
0.003726,-0.006074,-0.000935
0.002919,-0.006899,-0.000346
0.003491,-0.007239,-0.002985
0.003442,-0.007098,-0.000151
0.003391,-0.005463,-0.001316
0.001505,-0.005809,-0.002680
0.000952,-0.003839,-0.001361
0.002278,-0.007067,-0.002418
0.002803,-0.003482,-0.001206
0.002175,-0.007597,-0.000020
0.003077,-0.004463,-0.001519
0.005467,-0.006198,-0.002266
0.002693,-0.004440,-0.001529
0.002870,-0.004823,-0.000897
0.002754,-0.004527,0.000443
0.006304,-0.003729,-0.000629
0.006203,-0.004300,-0.003192
0.005892,-0.004450,-0.004253
0.004709,-0.005562,-0.004450
0.005773,-0.004444,-0.003329
0.002695,-0.005721,-0.004162
0.003588,-0.005396,-0.004259
0.004362,-0.002927,-0.003543
0.004436,-0.005753,-0.005807
0.006305,-0.001977,-0.005132
0.005350,-0.005134,-0.004111
0.004698,-0.002989,-0.004540
0.005153,-0.004953,-0.003730
0.006817,-0.002810,-0.003616
0.004416,-0.004066,-0.004932
0.004113,-0.003687,-0.002497
0.006868,-0.003684,-0.003447
-0.000766,-0.001154,-0.003079
-0.002676,-0.001577,-0.003700
-0.001438,-0.000977,-0.004763
-0.000537,-0.001404,-0.004056
-0.001749,0.000696,-0.003606
-0.002888,-0.000909,-0.004865
-0.000993,-0.000167,-0.001815
-0.001912,-0.002125,-0.005926
-0.003047,0.001478,-0.002928
-0.001935,-0.000452,-0.003096
-0.003706,0.003137,-0.003417
-0.001052,-0.001719,-0.003383
-0.002161,0.001849,-0.003529
-0.002686,0.002975,-0.001740
-0.002051,0.000653,-0.001449
0.000981,0.000594,-0.002094
0.006974,0.000666,-0.001553
0.001813,0.000314,-0.005902
0.003807,-0.000614,-0.007886
0.002858,0.001089,-0.006948
0.001970,-0.000111,-0.005872
0.001562,-0.001454,-0.003136
0.006511,0.001302,-0.003525
0.003631,-0.002022,-0.007588
0.001678,0.002194,-0.005595
0.003512,-0.000428,-0.005421
0.002815,-0.001204,-0.005460
0.003775,-0.000002,-0.004817
0.006665,0.001316,-0.004275
0.000996,0.001409,-0.001673
0.001375,0.000899,-0.004039
0.003757,0.000267,-0.005720
0.003597,0.000842,-0.004290
0.002420,0.001634,-0.003803
0.001761,0.000888,-0.007666
0.002749,-0.000509,-0.004503
0.002358,-0.000544,-0.004973
0.001453,0.002254,-0.006183
0.003114,0.002721,-0.004570
0.002900,0.000599,-0.007676
0.000996,0.002561,-0.006605
0.002301,0.001257,-0.006139
0.001095,0.003664,-0.003953
0.002354,0.001320,-0.005311
0.002662,0.002656,-0.004620
0.002633,0.001775,-0.003890
0.001315,0.003070,-0.003214
0.003785,0.002594,-0.004368
0.004475,0.002178,-0.005526
0.004505,0.003132,-0.006487
0.005393,0.000584,-0.006000
0.003466,0.002025,-0.004478
0.002757,0.003126,-0.005877
0.002297,0.002592,-0.007380
0.004877,0.003259,-0.005682
0.004194,0.001548,-0.007414
0.003686,0.003859,-0.006309
0.004311,0.003486,-0.005632
0.002627,0.003240,-0.005839
0.004105,0.001830,-0.006119
0.003746,0.004790,-0.007650
0.003434,0.003798,-0.007482
0.003444,0.004442,-0.005671
0.004482,0.005116,-0.007305
0.011414,0.001869,-0.000965
0.007418,0.001003,-0.000856
0.006689,-0.002935,-0.005524
0.006500,-0.000602,-0.001499
0.011346,-0.002747,-0.000005
0.009652,-0.000605,-0.002687
0.008582,0.000017,-0.002345
0.008910,-0.001100,-0.001210
0.009006,0.000027,-0.002785
0.007810,-0.002043,-0.002822
0.009082,0.000969,-0.002555
0.008762,-0.001320,-0.001199
0.010632,-0.002937,-0.001044
0.009836,0.000954,-0.000651
0.007651,-0.000923,-0.001115
0.011233,-0.000294,-0.002486
0.003491,0.000839,0.014114
-0.000136,-0.003171,-0.001113
0.008034,0.006157,0.004364
0.003792,0.016458,0.008369
0.007683,0.004192,0.009122
-0.004837,-0.002034,0.002781
-0.126645,0.016330,-0.052920
0.000907,0.007440,-0.000106
0.010788,0.010260,0.008476
0.003603,0.007988,0.008814
0.002842,0.008784,0.005851
0.005380,0.011019,-0.004432
0.003867,0.016097,-0.002784
0.005054,-0.003749,0.003559
0.007016,0.007520,-0.001227
0.008109,0.010716,0.000518
0.003876,0.000353,0.007371
0.003647,0.000124,0.005782
0.005126,-0.001931,0.005122
0.005769,-0.001237,0.005902
0.005471,-0.002209,0.006226
0.004044,-0.001120,0.003870
0.008256,0.003284,0.006674
0.006771,-0.001478,0.005752
0.004005,0.001679,0.005430
0.003952,0.000032,0.006705
0.003285,-0.002064,0.003251
0.003447,-0.002011,0.005551
0.004055,-0.000697,0.005309
0.001471,0.001320,0.006244
0.002242,0.000941,0.006368
0.004258,-0.001186,0.002618
0.008015,0.000321,0.005651
0.004272,0.000862,0.005272
0.006080,-0.001935,0.002999
0.006656,-0.000042,0.003885
0.006597,-0.001778,0.006720
0.006019,-0.000190,0.005378
0.007559,-0.000050,0.006690
0.005133,-0.000317,0.001437
0.006839,0.002220,0.003453
0.005757,0.000508,0.004975
0.007012,0.002148,0.006863
0.007197,-0.000204,0.006956
0.007188,-0.001615,0.009445
0.002583,0.000050,0.007610
0.004240,0.000469,0.004678
0.010212,0.000688,0.005738
-0.001933,-0.003234,0.004615
-0.003226,-0.003461,0.004695
-0.004598,-0.003694,0.001543
-0.001712,-0.002516,0.004732
-0.004965,-0.005303,0.004324
-0.003320,-0.004373,0.002513
-0.002123,-0.002821,0.004130
-0.003009,-0.003620,0.001923
-0.002154,-0.002976,0.001088
-0.002947,-0.004572,0.003170
-0.003165,-0.001753,0.003753
-0.002220,-0.004019,0.003324
-0.002227,-0.001608,0.003851
-0.003203,-0.003262,0.001954
-0.003282,-0.002511,0.004769
0.000231,-0.003466,0.002990
0.005504,-0.001908,-0.001673
0.004752,-0.001386,-0.001557
0.003831,-0.004214,-0.003394
0.002620,-0.001836,-0.002845
0.002238,-0.000408,-0.001072
0.002901,-0.002967,-0.003217
0.005493,-0.001634,-0.001064
0.002688,-0.002971,-0.001510
0.002838,-0.001004,-0.000889
0.003191,-0.004102,-0.003954
0.002807,-0.002096,-0.003117
0.004475,-0.001439,-0.001292
0.004867,-0.001028,-0.000726
0.003498,-0.000736,-0.003103
0.002437,-0.004191,-0.001426
0.005674,-0.000194,-0.001258
0.009567,-0.001057,0.002086
0.008297,0.002375,0.003895
0.009861,0.000951,-0.000982
0.007781,0.002119,0.002439
0.007783,0.001295,0.001445
0.007712,0.003000,0.002028
0.010744,0.002558,-0.000663
0.007302,0.000698,0.001742
0.007551,0.005554,-0.000650
0.008364,0.000445,0.002023
0.009869,0.000117,0.002901
0.007713,0.003840,-0.000515
0.009355,-0.000428,0.002848
0.005727,0.003763,0.001467
0.004879,0.002493,-0.001672
0.009741,0.002531,0.001561
-0.353377,-0.274696,-0.381511
-0.294636,-0.032864,-0.401137
-0.294965,-0.008824,-0.298083
-0.307609,0.134150,-0.423480
-0.293248,-0.133125,-0.331932
-0.210146,-0.064666,-0.289394
-0.294676,-0.113540,-0.431042
-0.215207,-0.001644,-0.225616
-0.296114,0.101539,-0.279087
-0.262221,0.073369,-0.270015
-0.300421,0.068278,-0.185349
-0.236886,0.073279,-0.355581
-0.281211,-0.217891,-0.295317
-0.262381,-0.361854,-0.279087
-0.350393,-0.437277,-0.349911
-0.193688,-0.185564,-0.295792
0.003565,-0.003365,0.001717
0.001781,-0.001066,0.003170
0.001833,-0.004938,-0.001715
0.001075,-0.004087,0.001077
0.000616,-0.003794,0.000424
0.000292,-0.005177,-0.000905
0.001278,-0.003220,0.001319
0.003335,-0.003733,-0.000848
0.001231,-0.003002,-0.001534
0.002531,-0.004343,-0.000680
0.002084,-0.003457,-0.000560
0.000352,-0.003330,0.000986
0.002281,-0.004333,0.001323
0.000019,-0.003649,0.000437
0.001183,-0.002102,0.000233
0.003594,-0.000025,-0.000562
0.008432,0.003782,0.001746
0.006172,0.005161,0.000305
0.005543,0.003000,-0.001022
0.004515,0.001713,0.000987
0.006980,0.000501,0.002303
0.004976,0.004981,-0.000349
0.007013,0.003835,0.000017
0.006685,0.001699,-0.001025
0.004216,0.005308,-0.001591
0.006187,0.001656,0.000809
0.004625,0.003964,-0.000016
0.006807,0.004124,-0.000795
0.006987,0.004056,-0.000003
0.008751,0.004101,-0.000206
0.005886,0.005555,-0.000033
0.007827,0.003343,0.001562
0.004189,-0.007153,-0.001420
0.002691,-0.006685,-0.001553
0.003445,-0.004937,-0.004668
0.003743,-0.005641,-0.002656
0.004544,-0.006173,-0.002695
0.002778,-0.006437,-0.003264
0.003000,-0.004138,-0.001238
0.002116,-0.006007,-0.004878
0.001056,-0.004882,-0.001002
0.001423,-0.006082,-0.003756
0.002914,-0.005024,-0.000246
0.003578,-0.006261,-0.004625
0.003674,-0.004357,-0.002050
0.003484,-0.003490,0.000497
0.003194,-0.003739,-0.000743
0.004787,-0.005044,-0.003095
0.007318,-0.005391,-0.003575
0.005787,-0.005551,-0.003839
0.004493,-0.005454,-0.007769
0.003949,-0.006017,-0.004086
0.006511,-0.005858,-0.005994
0.004137,-0.005731,-0.005883
0.005216,-0.003290,-0.004503
0.006194,-0.007678,-0.006847
0.005892,-0.003813,-0.006358
0.005446,-0.005978,-0.003752
0.004054,-0.004052,-0.007086
0.005685,-0.005368,-0.004248
0.006218,-0.003528,-0.005970
0.003988,-0.003669,-0.004444
0.003294,-0.003904,-0.005201
0.005406,-0.003467,-0.005129
-0.000371,-0.009177,0.001395
-0.001876,-0.005310,0.002716
-0.000682,-0.006480,-0.000211
-0.001640,-0.007593,0.001540
-0.001972,-0.008874,0.000715
-0.002023,-0.005567,0.001995
-0.000431,-0.002714,0.002144
-0.001038,-0.007154,0.000361
-0.002472,-0.002876,0.002260
-0.002510,-0.006739,0.001561
-0.003778,-0.005560,0.001870
-0.001213,-0.005410,0.000986
0.000240,-0.007236,0.002466
-0.003136,-0.006265,0.001685
-0.003434,-0.005000,0.001080
-0.001230,-0.005484,0.003119
-0.005738,-0.006092,-0.003995
-0.007597,-0.004249,-0.004252
-0.006323,-0.004832,-0.005362
-0.007201,-0.005171,-0.003298
-0.008964,-0.001522,-0.002799
-0.007699,-0.005494,-0.002208
-0.006088,-0.001678,-0.003262
-0.007357,-0.003151,-0.007461
-0.008502,-0.003197,-0.003566
-0.008489,-0.003458,-0.003710
-0.009288,-0.003377,-0.002588
-0.007879,-0.004331,-0.003801
-0.006518,-0.002915,-0.002190
-0.007293,-0.001475,-0.003002
-0.008378,-0.002302,-0.003105
-0.004914,-0.003232,-0.003005
0.004649,-0.003042,0.000491
0.002814,-0.000494,0.000962
0.002649,-0.001825,-0.003169
0.002917,-0.001408,-0.000009
0.001276,-0.003362,-0.000679
0.003296,-0.002461,-0.001681
0.002400,0.000299,-0.000133
0.005031,-0.003533,-0.001358
0.002902,-0.000488,-0.003685
0.003658,-0.001949,-0.002231
0.003739,-0.001034,-0.001205
0.005346,-0.001300,-0.001894
0.004977,-0.002663,-0.000371
0.004347,0.000404,-0.002457
0.002933,-0.002518,-0.001582
0.006020,-0.001752,-0.000585
-0.002595,-0.000910,0.001466
-0.000858,-0.002147,0.001511
-0.003493,-0.002834,-0.001616
-0.004178,0.000246,0.000774
-0.003075,-0.000749,0.000549
-0.004174,-0.002363,-0.001755
-0.004491,-0.002360,-0.000904
-0.002425,-0.002552,-0.000879
-0.004866,0.000044,-0.002332
-0.004041,-0.003687,-0.001424
-0.003426,-0.002827,-0.003128
-0.005081,-0.000706,-0.000677
-0.003070,-0.001715,-0.001349
-0.003412,-0.000428,0.000653
-0.004678,-0.002181,-0.001043
-0.001118,-0.001856,-0.002629
0.000274,-0.009082,-0.001306
-0.001011,-0.009275,-0.001932
-0.001471,-0.011029,-0.002940
-0.000773,-0.007118,-0.001913
-0.001167,-0.010249,-0.003162
-0.002022,-0.008147,-0.005303
-0.001086,-0.009204,-0.002197
-0.002068,-0.010093,-0.006376
-0.001483,-0.006183,-0.003614
-0.001968,-0.010626,-0.002648
-0.002404,-0.006721,-0.002651
-0.000458,-0.008112,-0.003240
-0.001374,-0.006687,-0.002351
-0.000784,-0.006902,-0.004801
-0.001005,-0.007077,-0.002198
0.001891,-0.007249,-0.002127
0.003497,-0.007813,-0.006375
0.000134,-0.005892,-0.005200
0.002199,-0.007741,-0.009984
-0.000307,-0.006375,-0.007531
0.001016,-0.006849,-0.008772
0.000678,-0.006471,-0.006100
0.002084,-0.006359,-0.005432
0.001383,-0.005089,-0.007671
0.000642,-0.003368,-0.006706
0.000285,-0.005722,-0.006828
0.000672,-0.004917,-0.006848
0.001267,-0.005469,-0.007745
0.001427,-0.005551,-0.004910
0.000265,-0.004307,-0.005528
-0.000990,-0.006006,-0.007200
0.002010,-0.003978,-0.006273
0.006674,-0.003045,-0.000971
0.005307,-0.004002,-0.001232
0.006708,-0.006294,-0.003117
0.004211,-0.004664,-0.000829
0.003447,-0.003631,-0.000736
0.003494,-0.004429,-0.002441
0.004481,-0.002713,-0.001550
0.004593,-0.004034,-0.003914
0.004437,-0.002481,-0.003788
0.003039,-0.003286,-0.002695
0.004856,-0.003610,-0.002482
0.006667,-0.004117,-0.002382
0.005017,-0.003408,-0.001436
0.004507,-0.003373,-0.001884
0.003754,-0.002643,-0.002421
0.007377,-0.003945,-0.002250
-0.000394,-0.001019,0.001224
0.000999,-0.000884,0.001739
-0.000386,-0.001944,-0.001463
-0.000926,-0.000282,-0.000430
-0.000752,0.000636,0.002211
-0.001340,-0.000250,0.000597
-0.000191,0.001300,0.001426
-0.000771,-0.001944,-0.001886
-0.000695,0.001393,-0.002376
-0.000924,-0.000681,-0.001119
0.000711,0.001054,0.000371
0.002245,0.001229,-0.003647
-0.000924,0.001723,0.000425
-0.001392,0.000494,0.000730
-0.000482,-0.000097,0.000887
0.001904,0.001283,-0.000731
-0.301748,-0.367536,0.177506
-0.267809,-0.099376,0.161533
-0.313364,-0.431302,-0.000581
-0.190075,-0.275418,-0.020819
-0.210776,-0.382801,0.044050
-0.175368,-0.151046,0.077585
-0.201037,-0.254981,0.142358
-0.284321,-0.317649,0.398285
-0.356463,-0.231170,0.058152
-0.228974,-0.397332,0.287468
-0.343387,-0.331690,0.287049
-0.242286,-0.375971,-0.175822
-0.341381,-0.528154,0.175427
-0.373869,-0.513081,0.400789
-0.312769,-0.218751,0.227850
-0.241444,-0.215362,0.330689
0.002648,-0.000297,0.004476
-0.001404,0.008162,-0.001569
-0.002524,-0.002890,-0.005642
0.000198,0.006521,-0.001814
0.000258,-0.001758,-0.003613
-0.000576,0.000639,-0.002603
0.000512,0.001145,-0.004952
0.001131,-0.001366,-0.004196
0.000163,0.000545,-0.002180
0.002567,0.003280,-0.003996
-0.002313,0.006912,-0.002987
-0.000016,0.002999,-0.000817
-0.000336,0.003771,-0.004980
-0.003319,0.005263,-0.000244
-0.001198,0.006001,-0.004715
0.001671,0.007861,-0.000825
0.002833,0.000736,-0.005748
0.001669,0.000164,-0.003761
0.001564,-0.000258,-0.006156
0.000926,-0.000933,-0.004237
-0.000095,-0.000546,-0.003835
-0.001120,0.000908,-0.006669
0.003005,0.001027,-0.003964
0.000658,-0.000398,-0.005771
-0.000183,0.002284,-0.004612
0.001174,-0.000703,-0.004473
0.002488,0.001470,-0.005413
0.001405,-0.001685,-0.005256
0.000809,-0.000378,-0.004407
0.002372,0.001031,-0.003450
-0.000725,-0.000691,-0.001811
0.003497,0.000948,-0.003223
-0.002092,0.000930,-0.000780
-0.002088,0.000944,0.000797
-0.004180,0.000355,-0.003796
-0.000557,0.003192,-0.002594
0.000171,-0.001237,-0.003555
-0.003524,0.002182,0.000284
0.001330,0.004131,-0.000843
0.000985,0.001706,-0.002315
-0.002121,0.005452,-0.002098
-0.001252,0.000802,0.001566
-0.003821,0.005184,-0.003113
-0.001366,0.001917,-0.002161
-0.002684,0.001992,-0.001936
-0.005494,0.001972,-0.001247
-0.003399,0.003426,-0.003155
-0.000867,0.004256,-0.000401
0.003855,-0.011219,0.003054
0.001910,-0.009568,0.002694
0.001673,-0.010073,0.001135
0.001172,-0.011334,0.002399
0.001450,-0.012122,0.004432
0.000814,-0.009982,0.000184
0.001338,-0.007322,0.002768
0.004051,-0.011593,0.001657
0.001921,-0.008660,-0.000596
0.000539,-0.012521,0.001062
0.001524,-0.010575,0.000168
0.004728,-0.011675,0.000570
0.003232,-0.011349,0.003443
0.002644,-0.012093,0.000233
0.001654,-0.011570,0.003252
0.003496,-0.009942,0.002150
0.006505,-0.005976,-0.002822
0.006187,-0.005505,-0.003314
0.005995,-0.006213,-0.006243
0.007727,-0.005351,-0.002533
0.005725,-0.005976,-0.003401
0.006133,-0.007090,-0.004440
0.005493,-0.003094,-0.003770
0.007198,-0.006611,-0.004384
0.004809,-0.004405,-0.004769
0.006775,-0.006644,-0.005238
0.005011,-0.004305,-0.003739
0.007349,-0.006340,-0.004641
0.008895,-0.004178,-0.004086
0.005989,-0.002449,-0.002119
0.006007,-0.004770,-0.001596
0.007023,-0.004545,-0.003588
0.001452,-0.007726,0.001428
-0.001196,-0.007144,0.004918
-0.000953,-0.006814,-0.000774
0.000445,-0.007727,0.000652
-0.000054,-0.009353,0.001698
-0.001259,-0.008443,0.002490
-0.001003,-0.006471,0.002543
0.001042,-0.006795,0.003041
0.000042,-0.004988,0.001696
-0.000101,-0.007818,0.002839
-0.000742,-0.006040,0.001576
0.000025,-0.007349,0.002018
-0.000035,-0.007049,0.003482
-0.000273,-0.008386,0.002088
-0.001531,-0.007514,0.003113
0.001871,-0.006288,0.001944
0.004139,-0.007366,-0.003208
0.002955,-0.006490,-0.002826
0.001531,-0.009023,-0.004965
0.002258,-0.007867,-0.004107
0.002837,-0.006954,-0.001994
0.001680,-0.005892,-0.006205
0.000397,-0.008405,-0.005295
0.002332,-0.008705,-0.007070
0.001731,-0.007449,-0.005820
0.003183,-0.008241,-0.006101
0.000090,-0.004732,-0.005848
0.002774,-0.007555,-0.005125
0.002606,-0.006150,-0.003933
0.002191,-0.004546,-0.004340
0.002318,-0.004091,-0.004003
0.002245,-0.006556,-0.005398
-0.001882,-0.003096,0.003459
-0.003487,-0.006985,0.002492
-0.003925,-0.006407,0.001577
-0.003927,-0.004983,0.002685
-0.005607,-0.007258,0.001130
-0.005328,-0.003586,0.001863
-0.002116,-0.004498,0.002317
-0.004188,-0.004160,0.003485
-0.004780,-0.002501,0.001814
-0.005428,-0.007229,0.002997
-0.005201,-0.004553,0.003155
-0.001973,-0.005717,0.001319
-0.004441,-0.003137,0.002714
-0.003951,-0.003554,0.000468
-0.004650,-0.004229,0.001863
-0.001787,-0.004836,0.001539
-0.002947,0.001904,0.000073
-0.004366,0.000832,-0.000640
-0.003648,0.001690,-0.001306
-0.002831,0.002720,-0.001457
-0.004576,0.001773,0.000611
-0.003009,0.002624,-0.001218
-0.004146,0.003534,0.000124
-0.005473,0.001590,-0.002869
-0.004580,0.004354,-0.002869
-0.004632,0.003149,-0.002340
-0.004283,0.004376,-0.000451
-0.002286,0.002731,-0.000964
-0.004686,0.004059,0.000056
-0.003915,0.003172,0.000347
-0.005443,0.004640,0.000631
-0.002772,0.004345,0.001418
-0.002538,-0.004202,0.002664
-0.000958,-0.002478,0.002158
-0.002927,-0.006022,0.000809
-0.002297,-0.002897,0.001729
-0.002919,-0.003828,0.000294
-0.001904,-0.003292,0.001121
-0.002915,-0.003274,0.002958
-0.002363,-0.002993,-0.001653
-0.003554,-0.001490,0.000898
-0.002317,-0.004045,-0.001091
-0.003501,-0.003635,0.000149
-0.000785,-0.002580,-0.000565
-0.003031,-0.003087,0.001943
-0.002216,-0.002186,0.002147
-0.004605,-0.001605,0.002091
-0.000953,-0.002333,0.001020
0.001807,-0.005849,-0.000429
0.000073,-0.004435,0.000127
0.000982,-0.006583,-0.002426
-0.000086,-0.006281,-0.000809
0.001464,-0.008055,-0.000665
-0.000369,-0.006349,0.000410
0.001953,-0.004181,0.000385
0.000255,-0.006624,-0.001379
-0.000911,-0.002583,-0.002004
-0.001510,-0.005390,-0.000325
0.000216,-0.003455,-0.001408
0.000172,-0.005042,-0.000403
-0.000536,-0.004895,-0.001616
-0.002190,-0.005022,0.001282
-0.000576,-0.002855,-0.000713
0.002146,-0.004443,-0.001312
-0.365860,-0.026562,-0.079852
-0.278517,0.118584,-0.139873
-0.267327,-0.146376,-0.153381
-0.201680,0.092890,-0.161313
-0.327846,-0.504898,-0.222738
-0.181614,-0.021847,-0.099641
-0.166355,-0.171068,-0.125793
-0.193738,-0.067009,0.043637
-0.302509,-0.061207,-0.194378
-0.255182,-0.097607,-0.030239
-0.312668,-0.011252,0.048330
-0.207622,-0.092015,-0.209801
-0.293799,-0.280448,-0.148602
-0.309418,-0.137409,0.114259
-0.358011,0.158880,-0.050264
-0.267839,0.068615,-0.039315
0.001880,-0.003420,-0.009362
0.000830,-0.002537,-0.009043
0.000236,-0.001012,-0.011369
0.003804,-0.003209,-0.009820
-0.000484,-0.000004,-0.009760
0.001119,-0.002590,-0.009474
-0.000753,0.000424,-0.009919
-0.001562,-0.003726,-0.011127
-0.001864,-0.001385,-0.013374
-0.000293,-0.002591,-0.009400
0.000590,0.000778,-0.011968
0.002533,-0.003227,-0.011135
0.000303,0.000376,-0.011113
0.002006,0.000323,-0.010414
0.002006,-0.000334,-0.007276
0.004141,-0.001320,-0.009309
-0.001345,-0.000705,-0.005957
-0.003748,-0.000599,-0.006544
-0.003782,-0.003592,-0.009787
-0.003155,-0.000044,-0.007397
-0.002622,-0.004413,-0.010446
-0.005340,-0.001216,-0.009949
-0.002860,0.000928,-0.006471
-0.000558,-0.001034,-0.008497
-0.003288,0.002425,-0.008408
-0.003043,-0.002382,-0.008224
-0.004089,-0.002621,-0.009838
-0.001744,-0.001739,-0.008196
-0.002724,-0.002690,-0.006875
-0.004038,-0.001441,-0.008080
-0.005725,-0.001420,-0.007463
-0.000557,-0.000735,-0.007871
-0.006500,0.005722,-0.006412
-0.009286,0.004090,-0.005750
-0.008624,0.007037,-0.006554
-0.007101,0.003857,-0.006890
-0.006904,0.005317,-0.007096
-0.007282,0.003181,-0.007700
-0.006669,0.009636,-0.006583
-0.005744,0.004075,-0.008280
-0.007771,0.007710,-0.007222
-0.007960,0.007345,-0.007384
-0.007424,0.007855,-0.006250
-0.007845,0.007112,-0.008829
-0.007255,0.007016,-0.007627
-0.009468,0.007615,-0.007527
-0.009093,0.005496,-0.006671
-0.006419,0.005506,-0.006763
-0.004009,-0.000737,0.002949
-0.006020,-0.000468,0.002875
-0.005651,0.000072,0.000590
-0.007498,0.000913,0.002448
-0.007683,0.000669,0.001508
-0.007315,-0.000273,0.002073
-0.007037,0.001444,0.002704
-0.006801,0.000515,0.002116
-0.006617,0.002114,0.001926
-0.007467,0.000077,0.002010
-0.005407,0.001139,0.002263
-0.006252,0.000578,0.001414
-0.005897,0.000268,0.002071
-0.006965,0.001317,0.003278
-0.007222,0.000452,0.002595
-0.005011,0.000733,0.002091
-0.001674,0.009772,-0.000721
-0.001523,0.011920,-0.001367
-0.002048,0.010386,-0.002737
-0.001589,0.011318,0.001111
-0.005768,0.013221,-0.001153
-0.004246,0.011232,-0.002206
-0.002370,0.009931,-0.000750
-0.005599,0.010451,-0.003311
-0.003874,0.012338,-0.002643
-0.001129,0.009300,-0.002027
-0.004525,0.012418,0.000449
-0.002892,0.009552,-0.000373
-0.000736,0.013635,-0.001593
-0.005003,0.014694,-0.000673
-0.002755,0.013440,0.000947
-0.002557,0.013177,-0.001191
0.005454,-0.000622,0.006183
0.005912,-0.000014,0.007226
0.004560,-0.001638,0.005581
0.006548,0.001133,0.008035
0.003705,0.000882,0.005905
0.006162,-0.001447,0.005764
0.006760,0.001262,0.007507
0.006514,-0.001516,0.003515
0.003954,0.000610,0.004538
0.004615,0.000007,0.005386
0.003747,0.002148,0.006326
0.005342,-0.002009,0.005552
0.007334,0.002165,0.004990
0.006662,0.004432,0.006542
0.005687,0.000986,0.008822
0.009420,-0.000980,0.006123
0.001901,0.000408,0.000003
0.000492,-0.001024,-0.000560
-0.000026,-0.000709,-0.002017
0.000160,-0.000092,-0.001961
0.001177,0.000579,-0.002020
-0.001328,-0.001215,-0.001308
0.000450,0.001238,-0.001151
-0.000163,-0.000998,-0.002528
-0.000898,0.001452,-0.002167
-0.000279,-0.000985,-0.001778
-0.000758,0.000361,-0.001418
0.001466,-0.000375,-0.002583
0.000374,0.002241,-0.002819
-0.002795,0.001313,-0.000634
-0.001581,0.001614,-0.001320
0.001678,-0.000094,-0.002963
0.009309,-0.000935,-0.003419
0.008250,-0.000422,-0.002508
0.007671,-0.002379,-0.006133
0.008217,-0.002515,-0.004818
0.008779,-0.002082,-0.004280
0.005415,-0.001830,-0.006041
0.009405,0.001982,-0.003753
0.009860,-0.001940,-0.006528
0.007943,-0.000024,-0.006091
0.007776,-0.002042,-0.005534
0.007446,-0.001180,-0.006551
0.008368,-0.002282,-0.005408
0.007052,-0.000202,-0.004802
0.006972,-0.000106,-0.003766
0.006206,-0.001296,-0.005012
0.009002,-0.000726,-0.005247
0.003094,0.007479,-0.007435
0.000718,0.008143,-0.009430
0.001485,0.004191,-0.009618
-0.000017,0.007394,-0.008620
0.000482,0.005791,-0.008138
0.000406,0.007134,-0.010977
0.003119,0.008351,-0.007977
0.000358,0.007439,-0.009875
0.001001,0.008222,-0.010357
0.000462,0.006810,-0.009345
0.002328,0.009241,-0.010085
0.000149,0.007326,-0.009852
0.001700,0.008666,-0.009379
0.002182,0.006828,-0.011003
0.000898,0.010060,-0.007808
0.003411,0.008143,-0.010094
0.001139,-0.009248,0.005548
-0.002294,-0.004176,0.004725
-0.001811,-0.008831,-0.002712
0.000841,-0.006339,0.002454
0.002044,-0.013005,-0.000455
-0.003535,-0.009461,0.000136
0.000268,-0.007768,-0.000708
0.001737,-0.011777,0.001167
-0.001125,-0.010749,-0.003529
0.001105,-0.009122,0.002150
-0.002612,-0.008123,-0.001682
-0.000297,-0.010939,0.000439
-0.000393,-0.008820,-0.001244
0.000704,-0.006727,0.002511
-0.000871,-0.008922,0.000766
0.002582,-0.009231,0.003763
0.008415,-0.002500,0.001248
0.007150,-0.004083,0.000008
0.008450,-0.004043,0.000432
0.005384,-0.001339,0.003182
0.004967,-0.000415,0.003224
0.005945,-0.001547,-0.002442
0.008808,0.000060,-0.000814
0.006392,-0.000644,-0.001916
0.009851,0.002216,-0.001258
0.005767,-0.002148,0.001953
0.008655,-0.000041,0.002270
0.005293,-0.000962,0.001244
0.007350,-0.000392,0.004502
0.005355,-0.002322,-0.000738
0.004929,-0.002160,0.001293
0.008721,0.000741,-0.000261
-0.004619,-0.004654,-0.005487
-0.004467,-0.004611,-0.003030
-0.003673,-0.004953,-0.004652
-0.005434,-0.005914,-0.004877
-0.005645,-0.002536,-0.004118
-0.006123,-0.004114,-0.003965
-0.004063,-0.002577,-0.004671
-0.004496,-0.004901,-0.006015
-0.007112,-0.002791,-0.002604
-0.005088,-0.005425,-0.004825
-0.006679,-0.002499,-0.003581
-0.004360,-0.005654,-0.004245
-0.005699,-0.002137,-0.003942
-0.005447,-0.002948,-0.004848
-0.005822,-0.002660,-0.003041
-0.004451,-0.002509,-0.004151
-0.003009,0.003997,-0.003997
-0.003933,0.006514,-0.003649
-0.003819,0.004132,-0.006010
-0.003516,0.004826,-0.003453
-0.003682,0.005591,-0.004448
-0.003857,0.005286,-0.006488
-0.003175,0.006343,-0.002337
-0.003082,0.002463,-0.007706
-0.005626,0.007062,-0.004137
-0.004477,0.004135,-0.004841
-0.006354,0.007364,-0.006254
-0.003082,0.005176,-0.004952
-0.002319,0.008968,-0.005106
-0.003215,0.005846,-0.004414
-0.005678,0.007547,-0.002959
-0.001572,0.006222,-0.001651
-0.001427,-0.004710,0.000339
-0.004049,-0.005163,-0.000495
-0.005172,-0.004878,-0.004935
-0.004041,-0.003174,-0.001282
-0.004091,-0.001199,-0.001800
-0.003957,-0.003343,-0.001908
-0.004995,-0.003217,-0.001238
-0.003492,-0.002290,-0.005766
-0.003545,-0.002583,-0.003474
-0.003028,-0.003951,-0.003189
-0.004642,-0.001137,-0.002155
-0.001954,-0.003583,-0.003471
-0.003987,-0.001420,0.000049
-0.003927,-0.001092,-0.001292
-0.003602,-0.003384,-0.000688
-0.002723,-0.002393,-0.000289
0.002750,-0.001864,-0.005747
0.002893,0.000739,-0.004876
0.001638,-0.001284,-0.007305
0.001671,0.000883,-0.005364
0.000896,-0.001353,-0.006136
0.000845,-0.000067,-0.007668
0.001532,-0.000716,-0.006090
0.002249,-0.001493,-0.008065
0.001272,0.001860,-0.007625
0.000969,-0.001169,-0.007551
0.001318,0.001610,-0.006857
0.001853,-0.000531,-0.006316
0.001667,0.001899,-0.006976
0.002884,0.001206,-0.005828
0.001401,0.001807,-0.005403
0.004053,0.000269,-0.005758
-0.004192,-0.000744,-0.001722
-0.005241,0.000523,-0.001194
-0.003767,0.001110,-0.004129
-0.002809,0.000996,-0.002559
-0.004497,0.002472,-0.004359
-0.004425,0.001549,-0.003972
-0.003590,0.004627,-0.001357
-0.004136,-0.000408,-0.005578
-0.004052,0.004046,-0.005507
-0.006417,0.001680,-0.003825
-0.005673,0.001370,-0.003712
-0.003557,0.000349,-0.003451
-0.003376,0.005843,-0.002130
-0.007343,0.004466,-0.000042
-0.005888,0.002263,-0.002101
-0.003476,0.002911,-0.004829
0.000004,0.000755,-0.004775
-0.001918,0.003313,-0.003142
-0.000887,0.002001,-0.005074
-0.002562,0.002444,-0.004879
-0.002378,0.003477,-0.001405
-0.003589,0.002421,-0.004462
-0.001203,0.003837,-0.005621
-0.000054,0.000681,-0.005315
-0.001756,0.003599,-0.005629
-0.000724,0.004000,-0.003195
-0.001493,0.004154,-0.004782
-0.002041,0.000709,-0.004461
-0.000817,0.001686,-0.005516
-0.001102,0.003442,-0.004319
-0.002478,0.003749,-0.003969
0.000065,0.003183,-0.003512
-0.000279,-0.004324,-0.005462
-0.000983,-0.002137,-0.004486
-0.000788,-0.003559,-0.006961
-0.002329,-0.002911,-0.003258
-0.001551,-0.003228,-0.005606
-0.003233,-0.002674,-0.006516
-0.002507,-0.001909,-0.004929
-0.000666,-0.003967,-0.007650
-0.002655,-0.001214,-0.007362
-0.001517,-0.002577,-0.004144
-0.002158,-0.000773,-0.005785
-0.000136,-0.003168,-0.004925
-0.000097,-0.000351,-0.006790
-0.001950,-0.000890,-0.006921
-0.002343,-0.000654,-0.004516
-0.000489,-0.000603,-0.004785
0.002903,0.000807,-0.009869
0.000820,-0.000436,-0.008159
0.000196,-0.001206,-0.012103
-0.000676,0.000745,-0.009262
0.002169,-0.000789,-0.010626
0.001659,0.000330,-0.010979
0.000557,0.002013,-0.008201
0.001194,0.000154,-0.010502
0.000843,0.001330,-0.009500
0.000489,-0.001030,-0.009713
0.000556,-0.000462,-0.009071
0.000386,-0.001397,-0.008712
0.001816,0.000488,-0.009081
-0.001849,0.001351,-0.008987
-0.001416,0.000571,-0.008245
0.003397,0.000139,-0.010658
0.007586,-0.009909,0.006977
0.004567,-0.004924,0.004657
0.006828,-0.011544,0.006013
0.004796,-0.008797,0.006321
0.005495,-0.013405,0.009676
0.003931,-0.006900,0.008029
0.004758,-0.007313,0.007493
0.004641,-0.008478,0.006594
0.005224,-0.006663,0.005999
0.003559,-0.008836,0.007776
0.005790,-0.005926,0.007834
0.008081,-0.009138,0.006744
0.005495,-0.009043,0.007641
0.007197,-0.008909,0.007579
0.008837,-0.005370,0.006275
0.007239,-0.007719,0.007600
0.009213,-0.004628,0.003164
0.008769,-0.005725,0.003596
0.007812,-0.004767,0.000940
0.008148,-0.005095,0.003611
0.008426,-0.002881,0.002929
0.008868,-0.003552,0.003061
0.007361,-0.003285,0.003749
0.007393,-0.005442,-0.000221
0.007239,-0.002586,0.002296
0.007036,-0.005042,0.002067
0.006292,-0.001271,0.003083
0.009973,-0.003425,0.002149
0.006989,-0.001715,0.003128
0.007622,-0.001833,0.002790
0.008073,-0.002514,0.004153
0.010887,-0.003461,0.004445
-0.004978,0.000241,0.001325
-0.007931,0.000106,0.001675
-0.006434,0.001175,-0.000552
-0.005410,0.000781,0.000455
-0.005892,-0.000369,0.000822
-0.007550,0.000514,0.000890
-0.006363,0.002943,0.001674
-0.005908,0.001139,0.000406
-0.006868,0.003134,0.000868
-0.009136,0.000740,0.001465
-0.008160,0.003454,0.001000
-0.005594,0.000313,0.000291
-0.005520,0.004154,0.002561
-0.006514,0.001854,0.002711
-0.007952,0.002221,0.001023
-0.005285,0.002367,0.001742
-0.000175,-0.001438,0.002639
-0.000782,-0.002695,0.004433
-0.001043,-0.001964,0.002980
-0.002772,-0.001584,0.004141
-0.001077,0.000437,0.003363
-0.002878,-0.002833,0.002304
-0.002204,-0.000377,0.002879
-0.000927,-0.000458,0.001627
-0.003166,0.000159,0.002816
-0.004359,-0.002255,0.002658
-0.000975,0.000841,0.003784
-0.001484,-0.001464,0.003079
-0.003882,0.000842,0.004509
-0.001825,0.002099,0.002397
-0.002186,-0.000401,0.003894
0.000455,0.000092,0.003935
0.004240,-0.002997,-0.006578
0.004276,-0.000872,-0.006269
0.003613,-0.003107,-0.011041
0.001816,-0.001706,-0.008303
0.001421,-0.002666,-0.008584
0.001459,-0.000932,-0.008841
0.003489,-0.000417,-0.006054
0.002600,-0.002252,-0.009859
0.001772,-0.000912,-0.009292
0.001616,-0.001549,-0.008788
0.001796,-0.001076,-0.007595
0.004019,-0.000669,-0.009378
0.002262,-0.000101,-0.007020
0.002981,-0.001092,-0.007311
0.001068,-0.000512,-0.008916
0.005133,-0.000587,-0.007490
0.005171,-0.004425,-0.007851
0.002108,-0.004544,-0.007772
0.004133,-0.004469,-0.009148
0.003054,-0.003826,-0.009299
0.003684,-0.002615,-0.008368
0.002329,-0.004703,-0.008941
0.004471,-0.002441,-0.009571
0.001985,-0.004499,-0.010488
0.002220,-0.001848,-0.009902
0.003296,-0.003270,-0.008427
0.001974,-0.001885,-0.009073
0.005030,-0.002339,-0.008450
0.002133,-0.001934,-0.008701
0.002767,-0.000879,-0.008339
0.002480,-0.002052,-0.007841
0.003529,-0.002657,-0.008536
-0.002836,-0.002149,0.004523
-0.003743,-0.002928,0.003351
-0.004160,-0.002268,0.001917
-0.002483,-0.002787,0.003509
-0.002815,-0.003522,0.002884
-0.002839,-0.001399,0.003558
-0.003455,-0.000782,0.002980
-0.001464,-0.003780,0.002899
-0.004318,-0.000167,0.002880
-0.000992,-0.003713,0.003790
-0.004684,0.000285,0.002347
-0.003854,-0.001216,0.002066
-0.003627,-0.001035,0.003610
-0.003530,-0.000981,0.004842
-0.004523,-0.001946,0.004568
-0.001533,-0.001589,0.004576
-0.003828,-0.008445,0.001393
-0.003747,-0.007016,0.003190
-0.001996,-0.007788,0.000143
-0.002290,-0.006964,0.000605
-0.003160,-0.007137,0.000567
-0.003254,-0.007028,-0.000010
-0.002147,-0.005851,-0.000066
-0.003427,-0.007925,0.000607
-0.002788,-0.005325,-0.001797
-0.003243,-0.004481,0.000463
-0.003747,-0.004611,0.001599
-0.004229,-0.006232,0.000641
-0.004975,-0.005238,0.001139
-0.004855,-0.005255,0.002499
-0.003663,-0.003538,0.003069
-0.004082,-0.006537,0.000863
-0.001555,0.001019,0.008807
-0.004486,0.002982,0.007184
-0.001194,-0.002050,0.002855
-0.004030,-0.002018,0.008249
-0.006056,-0.003766,0.009990
-0.004982,-0.000686,0.005942
-0.003539,-0.000735,0.010627
-0.006104,-0.000961,0.007833
-0.005156,0.000777,0.007310
-0.006880,-0.001961,0.007992
-0.005885,0.001937,0.006699
-0.002467,-0.002450,0.008922
-0.004549,0.001666,0.005753
-0.002645,-0.000779,0.008102
-0.003293,0.002489,0.009095
0.001040,0.004788,0.008961
-0.374564,0.466479,-0.050287
-0.378482,0.634040,-0.013245
-0.362907,0.378114,-0.125845
-0.260945,0.531418,-0.151563
-0.293909,0.288468,-0.102955
-0.281358,0.568544,-0.047861
-0.264472,0.418330,-0.098969
-0.294865,0.385289,-0.036706
-0.360935,0.485071,-0.258111
-0.288007,0.411402,0.054265
-0.379687,0.420735,0.098125
-0.321278,0.466624,-0.178841
-0.330361,0.295903,0.026401
-0.359880,0.532677,0.152314
-0.369276,0.591991,-0.107167
-0.314824,0.526215,0.051297
-0.012894,-0.003089,0.001661
-0.013455,-0.002659,0.002696
-0.012525,-0.002748,-0.000035
-0.012479,-0.000824,0.000103
-0.011767,-0.001472,0.001961
-0.012235,-0.001264,-0.000432
-0.013534,0.000172,0.001541
-0.013030,-0.003336,-0.001409
-0.013957,-0.000366,0.001814
-0.013113,-0.001817,0.001667
-0.013689,0.000270,0.000362
-0.011363,-0.001396,-0.001407
-0.013008,-0.000036,0.000737
-0.012879,0.000078,0.000658
-0.012876,-0.001633,0.002957
-0.012211,-0.003335,0.000831
-0.007624,0.003060,-0.006258
-0.007234,0.001681,-0.007836
-0.008856,0.002971,-0.008473
-0.008449,0.003195,-0.006704
-0.008390,0.002286,-0.007811
-0.009006,0.000835,-0.008172
-0.007839,0.005213,-0.005496
-0.006754,0.003093,-0.006383
-0.008308,0.004614,-0.005749
-0.009489,0.002702,-0.004960
-0.009165,0.004404,-0.008934
-0.007280,0.003535,-0.007871
-0.007296,0.004712,-0.009135
-0.008005,0.005899,-0.009099
-0.008357,0.003704,-0.005986
-0.010025,0.003546,-0.007399
-0.000064,-0.002050,0.000965
-0.002434,0.000253,0.002352
-0.002250,-0.002085,-0.002159
-0.002197,-0.002169,-0.000256
-0.004081,-0.002622,0.000824
-0.004586,-0.003363,0.001122
-0.000920,0.001630,0.002609
-0.002605,0.000768,0.000986
-0.004532,0.000912,0.001514
-0.004741,-0.000994,-0.000887
-0.003100,-0.002220,0.001168
-0.002238,-0.000562,0.001822
-0.001918,-0.001330,0.002040
-0.003892,-0.001399,0.000867
-0.002517,0.000027,0.001654
-0.002521,-0.000820,0.001317
-0.004770,-0.000727,-0.001937
-0.004769,-0.002004,-0.000541
-0.006029,-0.000948,-0.005187
-0.003835,-0.000165,-0.001732
-0.004483,-0.001820,-0.001384
-0.005118,-0.001217,-0.002879
-0.004667,0.002192,-0.002407
-0.005642,-0.000527,-0.002673
-0.005427,0.001398,-0.004160
-0.005418,-0.001283,-0.002302
-0.004256,0.001667,-0.002413
-0.005360,-0.002899,-0.002320
-0.005679,-0.000866,-0.003109
-0.008398,-0.001003,-0.000873
-0.005904,-0.001891,-0.000552
-0.003015,-0.000896,-0.002820
0.004412,0.003512,-0.003481
-0.000152,0.004159,-0.003029
0.001259,0.004161,-0.005281
0.001619,0.004532,-0.003853
0.000133,0.004200,-0.003129
0.000472,0.002503,-0.005097
0.002800,0.005663,-0.001758
0.002230,0.004904,-0.006386
0.000515,0.007185,-0.004310
0.002852,0.003615,-0.002643
0.000035,0.006698,-0.003865
-0.000312,0.004721,-0.001697
0.002561,0.003443,-0.001758
0.001189,0.004642,-0.004741
0.001012,0.005463,-0.002781
0.003184,0.006869,-0.002315
0.001335,0.003609,-0.008045
0.002458,0.003819,-0.008602
0.001681,0.001687,-0.008810
0.003028,0.002897,-0.007719
0.001155,0.003641,-0.009106
0.000120,0.002552,-0.008688
0.001910,0.005587,-0.009041
0.001715,0.004137,-0.010995
0.002159,0.004599,-0.008727
0.001490,0.003263,-0.008183
0.001021,0.005179,-0.009078
0.001718,0.002802,-0.009118
0.001061,0.006869,-0.008818
0.000698,0.004169,-0.009356
0.000235,0.005976,-0.008274
0.002993,0.004106,-0.008979
-0.001240,-0.004656,0.003132
-0.003133,-0.001583,0.006382
-0.001673,-0.001432,0.002146
-0.002169,-0.002593,0.004327
-0.002002,0.000787,0.004103
-0.000826,-0.002056,0.002968
-0.004371,-0.001712,0.003434
-0.001328,-0.004120,0.001819
-0.002346,-0.001059,0.002768
-0.001749,-0.002564,0.003299
-0.002636,0.001737,0.002190
-0.002907,-0.001573,0.003253
-0.002326,-0.000693,0.004490
-0.000651,0.001558,0.005952
-0.002779,-0.002999,0.004051
-0.000128,-0.000915,0.005354
-0.000973,0.002478,0.004999
-0.000000,0.000260,0.005086
-0.000992,0.000210,0.004104
-0.000491,0.002245,0.005342
-0.000543,0.003130,0.002143
-0.002251,0.001756,0.003218
-0.002600,0.002500,0.001127
-0.002189,-0.000637,0.002423
-0.000982,0.003396,0.001969
-0.001498,0.001449,0.004054
-0.001329,0.003438,0.003610
-0.000201,0.002745,0.002789
-0.001185,0.005211,0.001641
-0.001424,0.002681,0.005217
-0.003478,0.005191,0.003955
0.000724,0.003762,0.005499
-0.296908,0.020534,0.327187
-0.235423,0.202437,0.300028
-0.213289,-0.047458,0.318954
-0.178521,0.098873,0.274911
-0.185958,-0.122531,0.249697
-0.207527,0.155179,0.349343
-0.161377,0.003663,0.173657
-0.213914,0.020445,0.383311
-0.336894,0.042655,0.155237
-0.193308,-0.129800,0.373474
-0.315176,-0.112329,0.310366
-0.281614,-0.011469,0.228584
-0.300969,-0.232005,0.407750
-0.292245,-0.088494,0.430872
-0.279314,0.101637,0.236819
-0.251974,0.081944,0.399653
-0.010106,-0.002570,-0.001218
0.009775,-0.008382,-0.023178
0.004271,-0.002702,-0.006245
0.002225,0.006041,0.000381
0.000498,-0.011684,0.008328
-0.004514,-0.005875,-0.008044
-0.002581,0.001804,-0.004480
-0.022703,-0.026364,0.024214
0.000232,-0.006444,-0.004622
-0.004607,-0.010880,-0.008267
0.000599,-0.004291,-0.000756
-0.018737,-0.000483,-0.000545
0.007288,0.005820,-0.009791
-0.232920,-0.267641,0.301818
-0.002124,0.006177,-0.004502
0.002124,-0.003034,-0.009001
0.003210,-0.009988,-0.003320
0.001992,-0.008335,-0.005321
0.003475,-0.010543,-0.007251
0.004464,-0.010848,-0.002876
0.001161,-0.009626,-0.005719
0.003833,-0.007417,-0.005827
0.002502,-0.007197,-0.005648
0.003470,-0.008740,-0.006212
0.003918,-0.008375,-0.006476
0.003437,-0.009820,-0.005019
0.003265,-0.007856,-0.004807
0.003310,-0.008369,-0.007308
0.002959,-0.008021,-0.003865
0.002156,-0.007498,-0.002882
0.002592,-0.007400,-0.004047
0.003175,-0.008176,-0.005792
0.007927,-0.005386,-0.004314
0.008405,-0.004411,-0.003416
0.006917,-0.004713,-0.003682
0.006826,-0.005047,-0.001403
0.005686,-0.003543,-0.002604
0.006378,-0.004041,-0.003656
0.006934,-0.005009,-0.002382
0.006445,-0.004684,-0.004801
0.004573,-0.002760,-0.004177
0.007499,-0.006164,-0.002685
0.005306,-0.002555,-0.002592
0.005918,-0.003488,-0.002672
0.006567,-0.002067,-0.003246
0.007891,-0.001121,-0.003198
0.007985,-0.003945,-0.001081
0.008850,-0.003699,-0.002061
-0.002370,-0.002681,-0.002847
-0.001866,-0.003627,-0.002450
-0.002189,-0.001342,-0.005408
-0.003200,-0.001565,-0.001564
-0.004242,-0.001830,-0.004145
-0.003949,-0.000013,-0.005219
-0.004350,0.000132,-0.001147
-0.005026,-0.004458,-0.006844
-0.005030,0.001171,-0.004948
-0.004770,-0.003273,-0.004465
-0.004399,0.001028,-0.003822
-0.001804,-0.003380,-0.003738
-0.004504,0.002104,-0.004622
-0.003618,0.003492,-0.001841
-0.002737,0.000925,-0.001166
-0.002185,-0.000827,-0.002115
0.004369,-0.001808,-0.001420
0.001934,-0.000211,0.000149
0.001790,-0.002398,-0.002839
0.001117,-0.000086,-0.000345
0.002489,-0.000762,-0.000643
0.002066,-0.001552,-0.001918
0.000763,-0.000197,-0.001392
0.003658,-0.002080,-0.005573
0.002886,0.000940,-0.005118
0.002352,-0.000369,-0.000671
0.002335,0.001964,-0.003173
0.001506,-0.000115,0.000230
0.004780,-0.002480,-0.001078
0.000051,-0.001563,-0.002529
-0.001404,-0.001388,-0.002826
0.004868,0.000865,-0.001538
-0.003118,-0.006259,0.001604
-0.005216,-0.007050,0.001259
-0.006044,-0.007642,-0.001106
-0.004513,-0.007660,0.001748
-0.005220,-0.007330,-0.000113
-0.005734,-0.006543,0.000891
-0.006117,-0.005938,0.002128
-0.004195,-0.005106,0.000610
-0.005090,-0.005718,-0.000561
-0.006732,-0.006436,0.000134
-0.005066,-0.003795,0.002181
-0.004567,-0.007448,0.000394
-0.005215,-0.004897,0.003075
-0.005006,-0.005169,0.001959
-0.006493,-0.006278,0.002571
-0.001994,-0.005399,0.001586
-0.000372,-0.003328,0.003704
-0.003727,-0.000954,0.004992
-0.003424,-0.003202,-0.000690
-0.003507,-0.001567,0.003106
-0.005380,-0.003242,0.004358
-0.002883,0.001201,0.002019
-0.002950,-0.001379,0.006003
-0.005227,-0.002613,0.000807
-0.004672,0.000765,0.001503
-0.003542,-0.001704,0.002988
-0.005145,0.001250,0.003155
-0.000590,-0.001063,0.003997
-0.002101,-0.000671,0.004910
-0.001896,0.001659,0.003855
-0.004014,0.000740,0.004643
-0.001571,-0.000575,0.006012
0.000794,-0.001199,0.001608
-0.003173,0.001647,0.002128
-0.001065,-0.000796,-0.002434
-0.002019,-0.002863,0.000095
0.001763,-0.003306,0.001985
-0.001625,-0.002455,0.001899
-0.000282,0.000170,0.001659
0.000555,-0.002481,0.003005
-0.002305,0.000734,-0.000712
-0.000571,-0.001246,-0.000942
-0.001064,0.000581,-0.000075
-0.000188,0.000875,-0.000101
-0.000985,-0.001430,0.000838
-0.002106,-0.001744,0.006026
-0.002945,-0.002001,0.001356
0.002241,-0.000120,0.002535
0.002249,0.004772,-0.006824
0.002570,0.004318,-0.005249
0.001079,0.001428,-0.008931
0.002166,0.004223,-0.006642
0.001725,0.004409,-0.005227
0.000892,0.002301,-0.005193
0.002969,0.003685,-0.005718
0.000525,0.003819,-0.006984
0.002352,0.003626,-0.007181
0.002349,0.002023,-0.007641
0.001058,0.003979,-0.007508
0.002755,0.003043,-0.007422
0.001459,0.005114,-0.005365
0.000934,0.003998,-0.005485
0.000790,0.003561,-0.005105
0.004296,0.003468,-0.006371
-0.006637,-0.001841,0.000690
-0.007430,-0.004937,0.003010
-0.007445,-0.003516,0.000343
-0.007336,-0.003345,0.001631
-0.006905,-0.002725,0.001973
-0.009005,-0.000323,0.000829
-0.007281,-0.001821,0.003087
-0.008613,-0.002288,-0.001132
-0.008717,0.000122,-0.002046
-0.010211,-0.001923,0.001921
-0.009800,0.002962,0.002929
-0.005686,-0.001712,-0.000176
-0.009278,0.001596,0.002501
-0.010388,-0.000415,0.003136
-0.008262,0.001166,0.004038
-0.005327,-0.000410,0.002382
-0.000819,0.003184,-0.004532
-0.001670,0.005304,-0.002471
-0.002002,0.002399,-0.004776
-0.003679,0.002471,-0.004558
-0.001230,-0.000051,-0.002312
-0.005324,0.005519,-0.005105
-0.000163,0.006174,-0.003927
-0.003151,0.002505,-0.003017
-0.002135,0.005347,-0.002740
-0.001934,0.002739,-0.002603
-0.002705,0.005657,-0.002457
-0.001270,0.002919,-0.004642
-0.002498,0.003644,-0.004180
-0.002624,0.003155,-0.003828
-0.003507,0.003610,-0.003216
-0.000547,0.003541,-0.002159
0.000961,-0.001962,0.000812
0.001592,-0.000275,0.001455
0.001189,-0.001687,0.000409
0.002089,-0.001758,-0.000341
0.002529,-0.002672,-0.001057
-0.001296,-0.001242,0.001151
0.003330,0.000526,0.000691
-0.000063,-0.001629,0.001940
0.000470,0.001842,0.002231
0.000748,-0.000853,0.001925
-0.001573,0.001372,0.001536
0.002834,-0.001971,0.000208
0.002235,0.000827,-0.001043
0.000872,0.000739,0.002486
0.000241,-0.000207,0.002972
0.002097,0.000280,0.000413
0.002556,-0.003202,-0.003046
0.002095,-0.003777,-0.003903
0.000004,-0.004449,-0.003657
0.000818,-0.003055,-0.002510
-0.000854,-0.002307,-0.003308
-0.000245,-0.004531,-0.003007
0.001156,-0.003836,-0.003124
0.000424,-0.003146,-0.005285
0.000412,-0.002395,-0.003694
0.000597,-0.004779,-0.003560
-0.000687,-0.003341,-0.004443
0.000389,-0.004849,-0.003557
0.001282,-0.001776,-0.003356
0.000033,-0.001314,-0.005328
-0.001223,-0.001969,-0.002762
0.002806,-0.003786,-0.004326
0.000637,-0.011057,0.003772
-0.000775,-0.011060,0.005308
-0.002092,-0.011228,0.001694
-0.000528,-0.007174,0.004508
-0.002581,-0.008313,0.002583
-0.000771,-0.009542,0.004562
-0.000856,-0.008591,0.005201
0.000492,-0.006590,0.000825
-0.001723,-0.007813,0.003175
-0.000815,-0.010473,0.004678
-0.001427,-0.007385,0.003944
-0.001243,-0.008418,0.002035
0.001576,-0.007157,0.004671
-0.000722,-0.007751,0.001221
-0.001012,-0.007871,0.004193
0.001474,-0.007418,0.003441
-0.000405,-0.003746,0.002129
-0.001410,-0.003145,0.003743
-0.002634,-0.005375,0.001184
-0.003053,-0.003412,0.004629
-0.001763,-0.005692,0.002652
-0.003082,-0.002842,0.000991
-0.002241,-0.001125,0.003942
-0.003097,-0.004450,-0.000017
-0.001728,-0.001897,0.001912
-0.002538,-0.005217,0.003002
-0.002903,-0.001258,0.002462
-0.001998,-0.003488,0.002522
-0.001710,-0.000782,0.001538
-0.003113,-0.001592,0.002060
-0.002570,-0.000150,0.003129
-0.001282,-0.003529,0.003371
0.004416,-0.005423,0.000749
0.005281,-0.003903,0.002537
0.005460,-0.004601,-0.000450
0.005526,-0.005721,0.000449
0.005205,-0.004144,0.000164
0.004640,-0.003786,-0.001697
0.003612,-0.001796,0.001181
0.003676,-0.004441,-0.002351
0.004070,-0.002244,-0.002151
0.004774,-0.001786,-0.002107
0.002761,-0.000900,0.001415
0.006718,-0.002883,0.000914
0.004181,-0.001934,0.000551
0.002811,-0.002273,0.001466
0.002677,-0.001811,0.001310
0.004911,-0.001657,0.001096
0.009271,-0.004515,-0.002363
0.006707,-0.005058,-0.003850
0.008289,-0.006280,-0.007184
0.005873,-0.005588,-0.005134
0.006211,-0.005640,-0.006152
0.004758,-0.006569,-0.004930
0.007005,-0.002134,-0.003810
0.005285,-0.003980,-0.003090
0.006059,-0.003929,-0.005039
0.005101,-0.005096,-0.005990
0.006306,-0.004610,-0.004343
0.008662,-0.006604,-0.005087
0.007356,-0.002558,-0.005583
0.005183,-0.002902,-0.004100
0.005917,-0.004344,-0.004183
0.007653,-0.004226,-0.006078
0.003656,0.002241,-0.001092
0.003184,0.002744,-0.000943
0.004245,0.001784,-0.001244
0.004798,0.002521,-0.002241
0.003841,0.000036,0.000732
0.002626,0.002084,0.000312
0.003638,0.004403,-0.000225
0.003338,0.000877,-0.002756
0.001185,0.004378,-0.001222
0.002993,0.002650,-0.000660
0.002804,0.004575,-0.000629
0.004743,0.002845,-0.001989
0.004465,0.003411,-0.000684
0.004589,0.003297,0.001761
0.002090,0.005540,-0.000461
0.005653,0.003818,-0.001173
0.001082,0.001322,0.000795
0.000978,-0.000803,0.000676
0.000297,-0.002484,-0.001308
0.000609,-0.000715,0.001095
-0.000031,-0.001397,0.000640
-0.001298,-0.000403,-0.000234
0.002138,0.004860,0.002191
0.001733,-0.000824,-0.000875
0.000243,0.002114,-0.000102
-0.002602,-0.000681,-0.000280
-0.000267,-0.000474,-0.000113
0.001657,-0.000691,0.000377
0.001997,0.002602,0.001287
-0.000433,-0.000346,0.000815
-0.000875,0.000363,0.001681
0.001404,0.000812,0.000207
0.003516,-0.004302,0.001166
0.002286,-0.004116,0.001726
0.002763,-0.003255,-0.003761
0.001838,-0.002354,-0.001373
0.002864,-0.005498,0.001270
0.001310,-0.005232,0.002062
0.003424,-0.002864,0.002174
0.002711,-0.004021,0.000269
0.001808,-0.001099,-0.000112
0.000416,-0.003142,-0.000153
0.002020,-0.003077,0.000149
0.004389,-0.003818,-0.000858
0.002697,-0.003014,0.001774
-0.001020,-0.003225,0.002204
0.000215,-0.003913,0.000127
0.003409,-0.002918,-0.000799
0.006214,0.000790,-0.001704
0.005593,0.002258,-0.002006
0.006698,0.000222,-0.005623
0.004540,0.002743,-0.003148
0.005533,0.002111,-0.002520
0.003888,0.000929,-0.002211
0.006971,0.003560,-0.001362
0.005039,0.001966,-0.004385
0.003361,0.003875,-0.002857
0.003655,0.002338,-0.001687
0.003968,0.001807,-0.004463
0.006648,0.003437,-0.001924
0.005602,0.002286,-0.002028
0.003386,0.001708,0.000360
0.002093,0.002821,-0.003011
0.007033,0.003197,-0.003698
0.001994,-0.001931,0.002489
0.000753,-0.002540,0.004885
-0.001257,-0.002777,0.002032
-0.000224,-0.001794,0.004260
0.001440,-0.002502,0.002412
-0.000800,-0.003238,0.003642
0.000905,-0.001554,0.005510
0.001460,-0.002431,0.000093
-0.001061,-0.001363,0.003331
0.000013,-0.003231,0.004367
-0.002131,0.001112,0.003184
-0.000471,-0.002508,0.004737
0.001858,-0.001682,0.002867
0.000649,-0.001730,0.003314
-0.000995,-0.002946,0.003838
0.003779,-0.001863,0.004496
-0.001095,-0.001795,-0.003518
-0.001372,-0.000891,-0.003533
0.000209,-0.000055,-0.006714
-0.001108,-0.000592,-0.001828
-0.003202,0.001834,-0.003021
0.000155,0.001416,-0.005201
-0.002595,-0.001359,-0.004301
-0.002741,-0.001444,-0.007720
-0.003083,0.001303,-0.005662
-0.001859,-0.003311,-0.006282
-0.003610,0.002661,-0.004976
-0.000913,-0.002010,-0.004455
-0.001847,0.002719,-0.002845
-0.002925,0.004106,-0.001909
-0.002106,0.002355,-0.000601
-0.001169,-0.001128,-0.003290
0.005196,-0.001442,-0.001094
0.006857,-0.000578,0.000237
0.005773,-0.001437,-0.002489
0.005988,-0.000819,0.001146
0.004419,0.003343,-0.000285
0.004069,-0.000755,-0.002019
0.002918,0.000759,-0.000420
0.004159,-0.001513,-0.004142
0.004240,-0.000129,-0.003642
0.006903,-0.001322,-0.001327
0.004078,0.000077,-0.001919
0.003924,-0.001676,0.000522
0.005694,0.002134,-0.000714
0.003626,0.000510,-0.000926
0.003620,-0.000202,0.001457
0.006794,0.000624,0.000530
0.006147,0.005064,-0.001463
0.004782,0.006032,-0.002538
0.005991,0.005192,-0.004373
0.004274,0.004453,-0.002481
0.004418,0.005399,-0.002654
0.002934,0.005349,-0.002437
0.006129,0.004483,-0.001459
0.002719,0.004621,-0.003496
0.003399,0.008337,-0.002524
0.003319,0.004997,-0.001297
0.005548,0.007482,-0.000740
0.005968,0.006317,-0.002867
0.005315,0.007163,-0.002160
0.004483,0.006602,-0.000688
0.003711,0.007151,-0.001180
0.006653,0.006508,-0.000737
0.002674,-0.006306,-0.002078
0.000068,-0.006833,-0.001057
0.000550,-0.007492,-0.005391
-0.000082,-0.007072,-0.002837
0.001672,-0.009210,-0.003212
-0.001564,-0.008087,-0.003386
0.001067,-0.004510,-0.001375
0.001977,-0.006428,-0.004370
-0.000168,-0.004666,-0.003824
-0.000160,-0.006473,-0.002520
-0.000692,-0.007051,-0.004426
0.001927,-0.008115,-0.002275
0.000417,-0.007612,-0.002706
-0.001465,-0.006403,-0.003184
-0.001715,-0.007598,-0.002983
0.002936,-0.006276,-0.004439
0.000786,-0.002162,-0.005299
-0.001061,-0.002361,-0.004926
-0.001884,-0.003076,-0.005651
-0.002918,-0.003285,-0.004439
-0.001399,-0.003070,-0.002634
-0.001568,-0.002232,-0.005400
-0.001794,-0.001718,-0.003783
-0.001700,-0.002317,-0.005900
-0.002483,-0.001728,-0.004339
-0.002535,-0.001586,-0.004966
-0.002851,0.000381,-0.002678
0.000108,-0.003135,-0.004989
-0.000071,-0.002154,-0.005422
0.001067,-0.000653,-0.005653
-0.000277,-0.001906,-0.004891
0.001253,-0.001528,-0.004837
-0.005513,-0.002363,0.004787
-0.007953,-0.002585,0.006489
-0.006644,-0.004806,0.002682
-0.006037,-0.001929,0.003509
-0.008824,-0.002328,0.003973
-0.006853,-0.003209,0.004345
-0.006612,-0.001098,0.004628
-0.007499,-0.003041,0.004132
-0.005830,-0.000776,0.004822
-0.006941,-0.002474,0.004164
-0.005315,-0.000639,0.003697
-0.005523,-0.002471,0.002283
-0.006513,-0.000802,0.005807
-0.009269,-0.000295,0.005902
-0.009072,-0.002353,0.004570
-0.004825,-0.000879,0.003723
-0.002108,-0.004706,-0.000409
-0.003337,-0.004265,0.003040
-0.004139,-0.006230,-0.002876
-0.003590,-0.002824,0.000078
-0.002270,-0.007039,-0.001408
-0.003678,-0.004275,-0.000038
-0.001548,-0.002102,-0.000641
-0.002438,-0.003636,-0.001825
-0.001671,-0.003551,-0.000103
-0.003870,-0.004085,-0.000772
-0.002159,-0.000847,0.002070
-0.001680,-0.004356,-0.000785
-0.002991,-0.004092,0.000330
-0.003205,-0.005220,-0.002260
-0.003558,-0.002862,-0.001051
-0.001429,-0.003308,0.001235
0.000663,-0.002489,-0.001251
-0.000580,-0.001374,-0.000652
-0.001671,-0.001850,-0.003299
-0.001041,-0.003183,-0.000776
-0.001243,-0.000682,-0.000235
-0.001479,-0.001959,-0.001928
-0.002240,-0.001169,-0.002148
0.000104,-0.001975,-0.003819
-0.001951,-0.000922,-0.003911
-0.001409,-0.001610,-0.002684
-0.002104,-0.000145,-0.002762
-0.000630,-0.002103,-0.001404
0.000422,-0.000300,-0.002883
-0.000199,-0.001690,-0.002677
-0.000960,0.000172,-0.001032
-0.001695,-0.000562,-0.001997
0.003372,0.007932,0.000262
0.002731,0.009597,0.000289
0.002147,0.009611,-0.000418
0.003042,0.012315,0.000355
0.000718,0.012110,0.002281
0.000948,0.009696,-0.000962
0.001776,0.011859,0.000266
0.001817,0.011475,0.001116
-0.000270,0.011193,-0.002280
0.002481,0.007861,0.000408
0.001954,0.010423,-0.000434
0.001114,0.010141,-0.001181
0.002707,0.010175,-0.000338
0.000051,0.010036,0.001104
0.001297,0.009157,-0.001354
0.005036,0.011819,0.001418
-0.003513,0.000584,0.010319
-0.005722,0.002031,0.009702
-0.004547,0.000655,0.008494
-0.002139,0.000354,0.011433
-0.006633,0.003181,0.007606
-0.004381,0.002450,0.008040
-0.003289,0.003240,0.010818
-0.004765,0.002613,0.007264
-0.005195,0.004207,0.006928
-0.005036,0.002213,0.009844
-0.005594,0.004258,0.009165
-0.004416,0.002656,0.009598
-0.003311,0.005332,0.010401
-0.004860,0.004424,0.009536
-0.005007,0.004307,0.010883
-0.003701,0.003986,0.011052
-0.000983,0.001684,0.001080
-0.001263,0.001653,0.002959
-0.001746,0.000480,-0.000765
-0.002689,0.002263,0.002059
-0.002244,0.002855,0.002060
-0.001496,0.002805,0.000758
-0.001450,0.005440,0.002190
-0.002125,0.004013,0.000368
-0.001815,0.003410,0.001507
-0.002645,0.001997,0.001381
-0.001876,0.005113,0.002020
0.000036,0.003510,0.001320
-0.002386,0.005255,0.001780
-0.000282,0.004001,0.001113
-0.001252,0.001424,0.003591
0.000189,0.002506,0.002439
-0.004103,0.012125,-0.003749
-0.004620,0.012497,-0.001201
-0.005235,0.010246,-0.005700
-0.003884,0.011023,-0.004239
-0.004741,0.011094,-0.002079
-0.005769,0.012213,-0.003640
-0.004632,0.015884,-0.002128
-0.003600,0.011935,-0.005970
-0.006141,0.013372,-0.004280
-0.003067,0.010403,-0.004260
-0.004889,0.014003,-0.004424
-0.004622,0.011967,-0.005077
-0.004534,0.011617,-0.004404
-0.005655,0.012575,-0.003290
-0.006086,0.012994,-0.002844
-0.001655,0.012468,-0.003249
-0.364747,0.319503,-0.252729
-0.329362,0.472653,-0.348167
-0.315806,0.219673,-0.285482
-0.331304,0.340228,-0.409372
-0.213880,0.121718,-0.307145
-0.266682,0.338975,-0.288479
-0.211401,0.212815,-0.214198
-0.255761,0.287747,-0.185311
-0.371152,0.365116,-0.353556
-0.288221,0.296715,-0.303334
-0.320587,0.231917,-0.369110
-0.260802,0.246730,-0.347495
-0.328281,0.248760,-0.190914
-0.266989,0.348261,-0.159764
-0.355776,0.554697,-0.226284
-0.297717,0.396115,-0.240244
-0.004254,-0.000510,0.002591
-0.004633,-0.000409,0.002056
-0.005777,-0.002224,-0.001597
-0.005252,-0.001714,0.002535
-0.004636,-0.003223,0.001048
-0.006475,-0.001486,0.000847
-0.003627,0.001196,0.003358
-0.003746,-0.002154,0.000987
-0.005069,-0.000771,0.000803
-0.004650,-0.002310,0.001999
-0.006360,-0.000390,0.001228
-0.004787,-0.002566,0.001447
-0.004734,0.000293,0.001492
-0.006075,0.000027,0.001905
-0.006543,-0.001415,0.001413
-0.001421,-0.001104,0.001695
0.001265,0.000442,-0.002216
-0.000337,-0.001468,-0.000221
-0.002136,-0.000632,-0.004734
-0.001571,0.000972,-0.002158
-0.000730,-0.002102,-0.004124
-0.002689,0.000185,-0.003594
-0.001868,0.002059,-0.002083
0.000323,-0.000442,-0.003708
0.000444,0.002036,-0.005745
-0.001879,0.001068,-0.001032
-0.001389,0.003571,-0.005088
-0.000754,0.001112,-0.004134
-0.000555,0.000893,-0.004160
-0.002340,0.000320,-0.003900
-0.002259,0.001109,-0.002112
-0.001401,0.000394,-0.002042
-0.335572,0.297201,0.343115
-0.333959,0.517470,0.313449
-0.279031,0.312206,0.298650
-0.262600,0.471978,0.241706
-0.329534,0.120682,0.267514
-0.281600,0.156023,0.426903
-0.271777,0.236088,0.267300
-0.242045,0.270242,0.358041
-0.326524,0.298165,0.210865
-0.256651,0.392658,0.369446
-0.308357,0.026036,0.393533
-0.282669,0.378688,0.187515
-0.297882,0.184752,0.331567
-0.315778,0.265955,0.437443
-0.341591,0.405286,0.268327
-0.332961,0.412890,0.407593
-0.001429,0.004467,0.007594
-0.000556,0.011002,-0.000089
0.001146,0.001590,0.001761
0.001673,0.005854,0.007302
0.001484,0.001204,0.001175
-0.006505,0.004532,0.002444
0.004155,0.002784,0.001696
-0.003089,0.002847,0.005604
0.001532,0.005721,0.003297
-0.005515,0.003191,0.002551
-0.001327,0.003124,0.001345
-0.001915,0.001225,0.006875
-0.002123,0.011692,0.005062
-0.002813,0.005459,0.000801
-0.001299,0.009754,0.006420
0.004610,0.006882,0.002527
0.004467,-0.009349,-0.005410
0.000506,-0.009684,-0.006798
0.003564,-0.008605,-0.007167
0.002228,-0.007544,-0.007098
0.000176,-0.009246,-0.007008
0.000978,-0.011513,-0.007193
0.002153,-0.006414,-0.005998
0.002966,-0.008850,-0.007245
0.001806,-0.005760,-0.006480
0.000677,-0.008406,-0.006357
0.001597,-0.009688,-0.007056
0.001848,-0.009828,-0.005476
0.004175,-0.009321,-0.005417
0.003168,-0.010232,-0.006542
0.001173,-0.008963,-0.005896
0.004927,-0.008291,-0.007537
0.005558,0.002503,0.000385
0.006155,0.001789,0.000545
0.004956,0.001034,-0.000763
0.003666,0.002770,0.000937
0.002088,0.004190,0.000424
0.003249,0.004770,-0.001734
0.002121,0.003789,-0.000269
0.002599,0.002009,-0.002168
0.004037,0.003645,-0.002336
0.002075,0.001628,-0.002228
0.003192,0.005031,-0.000176
0.005245,0.003055,-0.002008
0.004235,0.005903,0.000004
0.006396,0.004654,-0.001608
0.004890,0.004702,0.000096
0.006703,0.006035,-0.000329
0.002704,0.000042,-0.000012
0.001294,0.001434,0.000489
0.000891,0.000683,-0.003450
0.001059,0.000670,-0.000413
-0.001601,0.003594,0.000040
0.000021,0.003334,-0.000885
0.000870,0.002072,0.000690
0.000058,0.001490,-0.005146
0.002124,0.002546,-0.001233
0.000692,0.000230,-0.002035
0.000958,0.004587,-0.000172
0.001663,0.003275,-0.002196
0.000483,0.004021,0.001098
0.000628,0.003994,-0.000737
0.002297,0.002193,-0.001292
0.002724,0.003359,-0.000812
-0.000241,0.002694,0.001512
-0.002470,0.004490,0.003252
-0.001883,-0.000402,-0.001991
-0.001857,0.001280,0.001682
-0.002390,0.001390,0.000327
-0.002881,0.001765,-0.000978
0.000675,0.003608,0.002755
-0.001486,0.001931,-0.000749
-0.001341,0.003417,-0.001736
-0.003466,0.002562,-0.000300
-0.001540,0.005244,0.000792
-0.001847,0.001861,0.000118
-0.000886,0.004827,-0.000416
-0.002811,0.003718,0.001584
-0.000575,0.004559,0.002328
0.000457,0.003448,0.000570
0.003264,-0.006971,0.010068
0.001035,-0.000333,0.006512
0.003669,-0.009649,0.004632
-0.000072,-0.004813,0.003601
0.002483,-0.014415,0.006069
-0.001012,-0.006446,0.005324
0.005724,-0.008511,0.004875
0.001568,-0.009703,0.013538
-0.000969,-0.003728,0.003495
0.005783,-0.005411,0.007232
0.000655,-0.000768,0.006342
0.000226,-0.003697,0.004239
0.001929,-0.005699,0.005896
0.005506,-0.007469,0.007536
0.004900,-0.002579,0.010964
0.004380,-0.004046,0.012620
-0.308097,0.252030,0.020589
-0.239491,0.354045,0.016095
-0.247556,0.223411,0.073028
-0.202861,0.268618,-0.085248
-0.217592,0.068642,0.024472
-0.201351,0.260735,0.152357
-0.161219,0.178605,0.045649
-0.248178,0.213224,0.239274
-0.322284,0.317158,0.090269
-0.243810,0.137790,0.149841
-0.348691,0.205111,0.148745
-0.222601,0.184900,-0.036003
-0.304936,0.154254,0.060539
-0.275291,0.315798,0.252213
-0.283018,0.438123,0.128913
-0.293243,0.271828,0.177218
0.006315,-0.008533,0.007412
-0.002590,0.004789,0.003735
0.000206,-0.013785,0.000008
-0.000965,-0.009965,0.003928
0.001940,-0.023661,-0.000108
-0.001447,-0.008132,0.003454
0.006635,-0.012173,0.004469
0.001815,-0.013760,0.004461
-0.003428,-0.010212,0.003048
0.000312,-0.011894,0.006371
0.006579,-0.006090,0.006030
0.003924,-0.012726,0.000702
0.003843,-0.015336,0.003041
0.004185,-0.009033,0.006171
0.002698,-0.002804,0.002422
0.008590,-0.011830,0.005164
0.002884,-0.003827,0.004537
0.003785,-0.006479,0.004571
0.001376,-0.004762,0.000510
0.002555,-0.001947,0.004348
0.002344,-0.005724,0.004695
0.002079,-0.006520,0.002405
0.001428,-0.005396,0.002607
0.003674,-0.006865,0.000276
0.002575,-0.004220,0.000074
0.004519,-0.006729,0.002570
0.003329,-0.000304,0.000646
0.002476,-0.004906,0.003133
0.003649,-0.002694,0.001966
0.002474,-0.006173,0.004273
0.000523,-0.004425,0.004818
0.006706,-0.003147,0.000494
-0.013346,-0.008648,0.005689
-0.015835,-0.003773,0.001833
-0.017760,-0.010330,0.002913
-0.010248,-0.008998,0.006823
-0.011113,-0.006376,0.002410
-0.012773,-0.006545,0.006568
-0.009923,-0.004870,0.003672
-0.011846,-0.007512,0.002266
-0.021372,-0.008762,0.001493
-0.011497,-0.011492,0.002019
-0.020236,-0.009951,-0.000520
-0.013931,-0.009692,-0.000092
-0.010137,-0.004547,0.003478
-0.013618,-0.002948,0.009742
-0.015853,-0.005151,0.006130
-0.013146,-0.008321,0.001531
-0.001980,-0.005521,-0.004883
-0.003685,-0.003576,-0.000835
-0.004950,-0.005276,-0.004536
-0.003965,-0.004133,-0.004846
-0.002893,-0.006589,-0.004260
-0.005132,-0.007102,-0.003627
-0.001389,-0.003216,-0.001464
-0.001448,-0.006245,-0.002725
-0.004250,-0.001443,-0.002085
-0.004976,-0.004252,-0.002366
-0.003206,-0.003477,-0.004890
-0.002724,-0.005440,-0.004447
-0.002458,-0.005432,-0.004239
-0.004160,-0.003483,-0.003553
-0.003713,-0.005982,-0.002873
-0.001690,-0.004211,-0.003843
