0.280934,-0.128969,0.391064
0.046820,-0.121573,0.225942
0.313695,-0.036216,0.377628
0.338067,-0.101386,0.166378
0.382327,0.005905,0.386612
0.195009,0.005896,0.248422
0.302341,-0.011678,0.220865
0.146551,-0.007052,0.190014
0.299098,-0.105030,0.302362
0.356443,-0.019530,0.285677
0.251116,-0.081052,0.223088
0.387346,-0.099744,0.363629
0.282013,-0.001641,0.310033
0.001425,0.008193,0.201092
-0.094189,0.098088,0.384880
0.437281,-0.079481,0.417989
-0.003399,-0.005411,0.002782
-0.004037,-0.002087,0.004779
-0.000358,-0.002895,0.003683
-0.003000,-0.002340,0.007536
-0.002715,0.000150,0.004001
-0.003239,0.000337,0.002978
-0.005486,0.000038,0.003273
-0.005479,-0.000699,0.002843
-0.002328,0.000309,0.006498
-0.002628,-0.001218,0.001795
-0.003757,-0.002089,0.005896
-0.004438,-0.001946,0.003440
-0.006589,0.000719,0.004376
-0.003876,-0.003850,0.005265
-0.000027,-0.001269,0.003506
-0.003011,-0.005588,0.002896
-0.006060,-0.000052,0.000960
-0.004501,0.008563,0.000476
-0.003410,0.007344,-0.000225
-0.008040,0.007026,0.004003
-0.007260,0.006045,0.002623
-0.003039,0.003154,-0.002485
-0.003486,0.008208,0.001883
-0.008664,0.006658,0.000233
-0.006688,-0.000625,-0.000071
-0.002077,0.005328,0.002817
-0.007799,0.005196,0.000761
-0.008559,0.006197,0.001805
-0.007048,0.004692,0.003981
-0.001899,0.003377,0.000162
-0.005722,0.006654,0.000190
-0.002828,0.004194,0.001273
0.003965,-0.002024,0.000468
0.002661,-0.000134,0.001191
0.007457,-0.000115,0.004764
0.003305,-0.001980,0.004953
0.003381,-0.001926,0.004231
0.003129,-0.003993,0.002560
0.009000,-0.001336,0.004675
0.005406,-0.007643,0.003550
0.004784,0.000309,0.004096
0.007693,-0.003104,0.004041
0.006378,-0.003139,0.005733
0.001263,-0.001264,0.000081
0.004120,-0.004632,0.002669
0.008229,-0.000894,0.003475
0.005650,-0.000595,0.002031
0.006700,-0.002920,0.001784
-0.005725,-0.003815,0.002849
-0.005854,-0.000259,0.002265
-0.002231,-0.002243,0.003101
-0.003717,0.000089,0.001627
-0.002752,-0.003758,0.005426
-0.003754,0.000010,-0.001286
-0.001196,-0.000947,0.001965
-0.005956,-0.000064,0.001689
-0.002969,-0.003517,-0.002044
-0.002889,0.000442,0.004660
-0.003177,-0.001308,0.002607
-0.001505,-0.000575,0.001746
-0.005465,-0.003053,0.002571
-0.004075,-0.004018,0.001661
-0.005421,0.001214,0.005239
-0.001086,-0.004423,0.002529
-0.007344,-0.003733,-0.001895
-0.009526,-0.002679,-0.003448
-0.005865,0.003383,-0.001548
-0.010038,-0.001998,0.001134
-0.008278,-0.001127,-0.001051
-0.010182,-0.001174,-0.004435
-0.008588,-0.000082,-0.003131
-0.007637,-0.001534,-0.002326
-0.007946,-0.004301,-0.001978
-0.008093,-0.003250,-0.001370
-0.005939,-0.003580,-0.005964
-0.007424,-0.002884,0.000320
-0.008696,-0.002348,-0.004107
-0.007000,-0.001992,-0.002629
-0.008684,-0.002085,-0.004567
-0.009142,-0.002086,-0.002235
-0.000878,-0.003237,0.000330
-0.000463,0.001036,0.002553
0.002683,0.003195,0.000478
-0.000522,0.003068,0.004183
-0.000090,0.002325,0.003269
-0.000127,0.000813,0.002341
-0.002393,0.001346,0.000094
0.000855,0.002264,-0.000220
-0.000047,0.000383,0.002770
0.002260,0.002669,0.002931
-0.000448,0.001045,0.004476
-0.002641,0.002344,0.004306
-0.000196,0.000549,0.004597
0.001275,-0.002461,0.000489
-0.003551,0.003472,0.003730
-0.000080,-0.003078,0.001364
-0.002582,0.006815,-0.004730
0.000867,0.012420,-0.005832
0.001106,0.011003,-0.004589
-0.001346,0.013332,-0.006307
0.001967,0.011013,0.000120
-0.001497,0.014933,-0.005314
0.000472,0.009753,-0.003574
0.001210,0.010786,-0.003644
-0.000701,0.009254,-0.006616
-0.000754,0.013329,-0.003758
-0.001985,0.011095,-0.004733
0.003873,0.010197,-0.004359
0.001269,0.009464,-0.005276
-0.003790,0.012571,-0.006818
-0.002462,0.013374,-0.001786
0.002601,0.006737,-0.002566
-0.013172,-0.002496,0.001685
-0.013093,0.002212,0.000863
-0.009200,0.003246,0.000736
-0.008501,0.005500,-0.001345
-0.012552,-0.000153,0.003141
-0.011425,-0.002294,-0.001577
-0.009553,0.003664,-0.001870
-0.013628,0.004742,-0.002642
-0.013043,-0.003099,-0.001751
-0.008845,0.001807,0.001751
-0.013898,-0.001443,0.000034
-0.010757,0.001761,-0.000701
-0.013790,0.002245,0.002336
-0.012520,-0.003478,-0.000522
-0.014574,0.002846,0.002527
-0.007069,-0.003081,-0.001305
0.002180,0.000793,-0.001884
0.003185,0.003287,-0.002952
0.008116,0.003938,-0.003899
0.004889,0.000991,-0.001043
0.005145,0.003451,0.000782
0.003380,0.002270,-0.003739
0.001933,0.001997,-0.003313
0.003050,0.001256,-0.002372
0.004978,0.003888,-0.001401
0.004142,0.003766,-0.002002
0.003622,0.000162,-0.000651
0.003536,0.000867,-0.001521
0.003249,0.002626,-0.001530
0.003550,-0.000851,-0.001337
0.002371,0.004405,-0.000437
0.006442,-0.001075,-0.004147
-0.012371,-0.001846,0.004444
-0.013587,0.001820,0.005601
-0.011342,0.002628,0.004699
-0.012668,0.003132,0.005654
-0.010489,0.001821,0.003473
-0.013263,0.002706,0.002971
-0.014316,0.002531,0.003787
-0.011068,0.003475,0.003415
-0.011528,-0.002053,0.003890
-0.012364,0.000446,0.001392
-0.012707,0.000172,0.005145
-0.011743,-0.001604,0.003827
-0.012863,0.002206,0.005634
-0.008927,-0.001015,0.004175
-0.013502,0.002505,0.002575
-0.011370,-0.001575,0.004805
-0.010468,-0.002842,0.002844
-0.011230,-0.000167,0.005034
-0.006788,0.002579,0.002160
-0.006247,0.001952,0.008047
-0.008142,-0.002713,0.005214
-0.011047,-0.000928,0.001442
-0.007435,0.002323,0.004173
-0.010217,0.001863,0.003616
-0.007579,-0.000569,0.003326
-0.006507,-0.001844,0.004601
-0.004461,-0.003531,0.004987
-0.008443,-0.000721,0.003374
-0.007759,0.001443,0.002459
-0.006383,-0.007637,0.005574
-0.009887,0.001680,0.002608
-0.005913,-0.002775,0.002025
0.101503,-0.193294,0.408321
0.043432,-0.021134,0.409183
0.240383,0.020436,0.441414
0.185891,-0.044286,0.342864
0.009326,0.031837,0.460702
0.010088,0.033227,0.327292
0.140155,-0.115396,0.259267
0.089564,0.012761,0.279433
0.000405,-0.125404,0.428349
0.078604,-0.082237,0.342245
-0.035478,-0.057683,0.343194
0.133480,-0.054451,0.460987
0.137697,0.043575,0.384281
-0.070547,0.016594,0.380307
-0.082262,-0.032543,0.442950
0.208652,-0.127779,0.399092
-0.014997,0.011883,0.004835
-0.020300,0.004252,0.009207
-0.010629,0.015516,0.014865
-0.018748,0.018121,0.005530
-0.015812,0.010810,0.013399
-0.012718,0.015436,0.012074
-0.023623,0.004506,0.010746
-0.010928,0.014562,0.013969
-0.015828,0.005768,0.008843
-0.013543,0.009907,0.011371
-0.016751,0.011649,0.010110
-0.019586,0.006543,0.009209
-0.005981,0.013235,0.015916
-0.010299,0.001364,0.012179
-0.098895,0.039276,0.067035
-0.016923,0.002594,0.010547
-0.003483,0.000370,0.002326
-0.001768,0.005954,0.002058
0.000366,0.006153,0.000915
-0.002152,0.007951,0.004651
-0.004179,0.005660,0.005940
-0.001738,0.005414,-0.000701
-0.003716,0.006460,-0.000598
-0.003048,0.010920,0.000154
-0.002104,0.003128,0.000917
-0.000455,0.005737,0.001179
-0.002836,0.005159,0.002153
-0.003368,0.002623,0.000531
-0.002527,0.007605,0.002520
-0.001012,0.003083,0.003370
-0.001158,0.006164,0.005715
-0.001204,0.000684,0.003570
-0.006346,-0.003255,-0.001525
-0.010093,-0.002235,-0.001618
-0.005098,0.000890,-0.001542
-0.009082,-0.002451,0.002375
-0.009521,0.000135,-0.000686
-0.009293,-0.002650,-0.003625
-0.006353,0.000587,0.001694
-0.007201,0.000231,0.000608
-0.006803,-0.002898,-0.001149
-0.006024,-0.000556,-0.000444
-0.004261,-0.001290,-0.001350
-0.008715,-0.002985,-0.003514
-0.009076,-0.002455,-0.002272
-0.005763,-0.002353,-0.000582
-0.006724,-0.000906,-0.001807
-0.006266,-0.002732,-0.002627
0.007590,0.002276,0.000938
0.007588,0.004245,0.004017
0.008459,0.005296,0.001769
0.004398,0.005520,0.004645
0.007814,0.001254,0.002533
0.007921,0.001169,0.001190
0.006213,0.004197,0.000631
0.004964,0.005646,0.004730
0.007978,0.000060,0.000928
0.007903,0.003482,-0.000025
0.004943,0.000263,0.000042
0.007703,0.002040,0.001683
0.005031,0.005190,0.002497
0.008137,0.002886,0.002844
0.005512,0.003982,0.001749
0.007722,0.003462,0.004102
-0.252934,-0.701037,0.358248
-0.290393,-0.537766,0.386785
-0.230133,-0.586235,0.323256
-0.078992,-0.296886,0.313523
-0.171957,-0.496921,0.366449
-0.220307,-0.433391,0.265582
-0.125268,-0.231048,0.195409
-0.238149,-0.297415,0.304184
-0.140063,-0.643090,0.337586
-0.119655,-0.399432,0.359722
-0.185497,-0.534745,0.221234
-0.171117,-0.595352,0.401225
-0.248522,-0.443989,0.336750
-0.300626,-0.634012,0.255491
-0.343992,-0.641153,0.383512
0.013229,-0.583077,0.363738
0.010447,-0.000587,-0.001362
0.010110,0.004925,0.001138
0.013775,0.005819,-0.001406
0.009813,0.006628,0.002530
0.010112,0.004857,0.003597
0.009049,0.004293,-0.001897
0.008868,0.004974,-0.000869
0.009930,0.005272,0.001408
0.010492,0.002048,-0.000963
0.014056,0.002918,-0.001493
0.008085,0.005328,0.000050
0.011774,0.003029,0.001667
0.011258,0.004894,0.000402
0.010841,0.002840,-0.000536
0.009276,0.006070,-0.000678
0.009436,0.002584,-0.000252
0.003658,-0.001343,-0.002492
0.001498,0.000070,-0.000438
0.005332,-0.001256,-0.001927
0.005071,0.002019,-0.001400
0.003707,0.001197,0.001003
0.004810,0.000699,-0.002529
0.007040,0.001477,-0.002261
0.001017,0.003450,-0.003658
0.004277,-0.002613,-0.002430
0.005318,0.002884,-0.001510
0.004888,0.000518,-0.000276
0.007743,-0.001064,-0.003014
0.003803,0.000357,-0.001847
0.002998,-0.000495,0.000056
0.000348,0.003850,-0.000138
0.004694,-0.002068,-0.002249
-0.000810,-0.002634,0.001872
-0.001939,-0.002234,0.000979
0.002949,-0.001573,0.002407
-0.000122,-0.002835,0.005143
0.000963,-0.001915,0.003092
-0.000929,-0.000394,-0.000311
0.000588,-0.003159,0.004821
-0.000404,-0.004064,0.003295
-0.000939,-0.002226,0.000452
-0.002107,-0.001657,0.004171
0.002827,-0.003489,0.003965
0.000349,-0.002232,0.001954
-0.001050,-0.003569,0.003246
0.002587,-0.004230,0.003126
-0.000134,-0.000789,0.002215
0.000152,-0.003851,0.000848
-0.004297,-0.000742,-0.001213
-0.005491,0.001638,-0.001771
-0.001241,0.003044,-0.002455
-0.002693,0.001771,-0.000159
-0.003166,0.003564,-0.000072
-0.005990,0.000385,-0.002453
-0.001947,0.003609,-0.002781
-0.005256,0.002492,-0.002077
-0.002569,0.001877,-0.001971
-0.002298,0.002659,-0.003115
-0.002124,-0.000650,0.000587
-0.003438,-0.000024,-0.000876
-0.004655,0.000936,-0.001768
-0.003844,0.001087,0.001555
-0.006744,0.001652,-0.003338
-0.003091,-0.001398,-0.001094
-0.019935,-0.007597,0.010810
-0.019224,-0.002696,0.007254
-0.016190,-0.008049,0.005281
-0.019949,-0.004270,0.008260
-0.016049,-0.004840,0.009333
-0.018064,-0.005970,0.008112
-0.019146,-0.003151,0.008215
-0.020544,-0.003840,0.006594
-0.019219,-0.002699,0.005005
-0.019094,-0.000087,0.007969
-0.017424,-0.005161,0.012231
-0.020906,-0.006384,0.007028
-0.020934,-0.003219,0.014599
-0.017604,-0.007147,0.006043
-0.018609,-0.004517,0.008817
-0.014320,-0.011020,0.010011
-0.148894,-0.122337,-0.212445
-0.178475,0.069426,-0.315073
-0.104979,-0.006089,-0.315347
-0.096266,0.102797,-0.289333
-0.163975,0.106950,-0.181433
-0.177576,0.114528,-0.413559
-0.114030,0.039223,-0.407737
-0.222766,0.318047,-0.321801
-0.164877,-0.082436,-0.341624
-0.146886,0.189770,-0.359982
-0.194758,0.006904,-0.392978
-0.092186,-0.001979,-0.177942
-0.196619,0.230787,-0.249611
-0.198796,0.153754,-0.351193
-0.163009,-0.003807,-0.230173
-0.053066,-0.065860,-0.272011
-0.006747,-0.004018,0.003877
-0.007473,-0.000993,0.002998
-0.003687,-0.001444,0.001870
-0.006913,-0.001300,0.004989
-0.003937,-0.002645,0.006190
-0.006922,-0.004854,0.002342
-0.004823,-0.003543,0.004846
-0.004793,-0.004547,0.003666
-0.006965,-0.002179,0.001500
-0.003599,-0.002375,0.004744
-0.006771,-0.001757,0.003237
-0.005872,-0.001314,0.005534
-0.003673,-0.003552,0.005159
-0.005369,-0.002114,0.003317
-0.007269,-0.001161,0.003462
-0.004257,-0.004045,0.002596
-0.002970,0.003362,0.000405
-0.001616,0.001866,-0.001334
-0.001264,0.004528,-0.002029
-0.004867,0.004594,0.001207
-0.000119,0.003188,0.002250
-0.000422,0.001705,-0.002868
0.000141,0.001867,-0.000477
-0.000242,0.003974,-0.001839
-0.001281,0.001237,0.001413
-0.001675,0.003546,0.001495
-0.001852,0.001683,-0.001251
-0.000923,0.002385,-0.000144
-0.001572,0.001700,-0.000697
-0.000134,0.000296,-0.002957
-0.003333,0.003810,0.001598
-0.001512,-0.002582,-0.001908
0.428670,-0.057487,0.298769
0.369556,-0.003920,0.132876
0.444835,-0.107693,0.151776
0.447006,0.005644,0.024821
0.445728,0.062778,0.367674
0.379549,-0.036801,0.036033
0.483857,-0.013623,-0.082034
0.385742,0.017621,-0.094849
0.470125,-0.040088,0.225461
0.471766,-0.020408,0.096344
0.424694,-0.103514,-0.038887
0.497265,-0.071546,0.336995
0.423368,0.021279,0.186794
0.317275,0.015129,0.000797
0.362033,0.046566,0.288332
0.491314,-0.122321,0.019454
-0.012014,-0.036702,-0.010457
-0.007775,-0.003056,-0.003944
0.000924,-0.005472,-0.008794
-0.004216,-0.009342,-0.002766
-0.001050,-0.009207,-0.011688
-0.002248,-0.002230,-0.006276
-0.006012,-0.003807,-0.010952
0.000944,-0.011449,-0.010925
0.007820,-0.042150,-0.009298
-0.008194,-0.007283,-0.006708
-0.004509,-0.010258,0.001432
-0.000275,-0.010716,-0.005937
-0.003106,-0.008363,-0.007278
-0.029576,-0.016245,-0.028855
-0.015352,-0.004316,-0.015634
0.069338,-0.044801,0.012752
-0.161272,0.326348,0.400262
-0.243153,0.266262,0.421779
-0.199629,0.452607,0.323870
-0.140414,0.334024,0.283691
-0.105860,0.486032,0.398686
-0.242347,0.374965,0.420868
-0.125671,0.270742,0.365068
-0.190358,0.274826,0.207021
-0.205058,0.263760,0.344382
-0.078652,0.122096,0.247729
-0.235157,0.349276,0.334939
0.279515,0.234871,0.376741
-0.165492,0.426760,0.386672
-0.277269,0.449713,0.357601
-0.267259,0.510113,0.429338
0.042945,0.282143,0.395948
-0.002913,0.004931,0.004179
-0.004222,0.007939,0.004203
-0.001617,0.005024,0.002897
-0.003991,0.007828,0.004012
-0.000382,0.004186,0.005496
-0.002447,0.005158,0.002101
-0.003342,0.007449,0.005254
-0.001877,0.004218,0.002837
-0.002078,0.006709,0.006081
-0.002861,0.006155,0.006748
-0.002686,0.004825,0.005849
-0.004189,0.005915,0.005419
-0.005265,0.005802,0.004998
-0.005263,0.002528,-0.000169
-0.001363,0.005319,0.003353
-0.002140,0.002382,0.001666
-0.002515,-0.008963,-0.002550
-0.002545,-0.006946,-0.006601
-0.001313,-0.005577,-0.003463
-0.002972,-0.010298,-0.002362
-0.003589,-0.008159,-0.002231
-0.000274,-0.008009,-0.003115
-0.004698,-0.006870,-0.003297
-0.001472,-0.005704,-0.007059
-0.004619,-0.009292,-0.002874
-0.003306,-0.006474,-0.004608
-0.003258,-0.009880,-0.000989
-0.005052,-0.008371,-0.002740
-0.002298,-0.007163,-0.003047
-0.002168,-0.010998,-0.000819
-0.002667,-0.008536,-0.001731
-0.001635,-0.009944,-0.002755
0.316906,-0.130185,-0.318633
0.033387,-0.091324,-0.355897
0.334806,-0.110876,-0.411798
0.426296,0.134097,-0.410912
0.308798,-0.140396,-0.219971
0.196092,-0.094024,-0.407141
0.410582,-0.045554,-0.418946
0.273227,-0.037573,-0.422687
0.238245,-0.172323,-0.366277
0.400298,0.027785,-0.316009
0.221774,-0.094850,-0.277217
0.313416,-0.017285,-0.280055
0.352509,-0.030870,-0.357889
0.108052,-0.116343,-0.394358
0.122187,-0.078488,-0.312184
0.457035,-0.146513,-0.388393
-0.000349,-0.000495,0.000682
-0.000555,0.001428,-0.002091
0.005598,-0.000403,-0.002328
0.001415,0.002349,-0.000970
0.000939,0.001548,0.000572
0.001300,-0.002988,-0.001837
0.001507,0.002639,-0.001368
0.000409,0.004099,-0.001888
-0.001781,-0.000198,-0.002621
0.000863,0.001371,-0.001796
0.002674,-0.002404,0.001218
0.001245,-0.000408,-0.002313
0.000186,-0.000235,0.004542
0.004289,-0.001474,0.002040
-0.002789,0.001805,-0.000268
0.001370,-0.001789,-0.001222
-0.011401,0.006298,-0.004148
-0.011609,0.004241,-0.006129
-0.007328,0.007629,-0.001814
-0.010656,0.005227,-0.002977
-0.009409,0.005739,-0.004013
-0.009099,0.004653,-0.003856
-0.008282,0.005096,-0.002722
-0.010831,0.004791,-0.003772
-0.011241,0.005047,-0.003118
-0.010850,0.006289,-0.002395
-0.007725,0.006098,-0.003856
-0.010991,0.006222,-0.003450
-0.010327,0.003195,-0.003540
-0.008295,0.005238,-0.003167
-0.011244,0.006157,-0.004204
-0.007489,0.003952,-0.005691
0.493590,-0.212909,-0.154153
0.379233,-0.055554,-0.250855
0.520888,-0.231345,-0.373279
0.494584,-0.015526,-0.316134
0.410859,-0.035134,-0.139125
0.443751,-0.064359,-0.274626
0.518164,-0.107780,-0.413793
0.453006,0.014775,-0.390867
0.391852,-0.245646,-0.244101
0.503075,-0.133353,-0.275723
0.366534,-0.235725,-0.374911
0.509590,-0.083548,-0.148178
0.472791,-0.001034,-0.201562
0.411392,-0.094137,-0.364798
0.391199,-0.114343,-0.166440
0.441255,-0.161420,-0.302092
0.180418,-0.009188,-0.338202
-0.045072,0.019843,-0.366534
0.134394,0.090500,-0.375846
0.216659,0.056511,-0.416669
0.166211,0.034565,-0.228242
0.098076,-0.005467,-0.427496
0.342055,0.051921,-0.413591
-0.041739,0.108847,-0.421030
0.090931,0.013902,-0.331125
0.249653,0.203781,-0.395334
0.011082,0.041694,-0.378175
0.272673,0.053251,-0.328755
0.048745,0.246758,-0.398007
-0.169225,0.099330,-0.407497
-0.027554,0.053627,-0.286320
0.264107,-0.022612,-0.372802
-0.009174,-0.003887,0.004720
-0.009179,-0.002597,0.001076
-0.005473,-0.002970,0.003925
-0.008747,-0.001490,0.004883
-0.006736,-0.001993,0.006854
-0.008788,-0.000590,0.003625
-0.011199,-0.002783,0.001320
-0.008169,-0.002519,0.003786
-0.010678,-0.003429,0.001730
-0.007780,0.001654,0.005633
-0.011361,-0.002122,0.003248
-0.007339,-0.001833,0.006870
-0.008879,-0.002447,0.005954
-0.009070,-0.002436,0.003298
-0.011478,0.000259,0.007021
-0.007175,-0.003371,0.004500
-0.002063,0.002369,-0.004120
-0.006300,0.003310,-0.005876
-0.000602,0.004581,-0.005979
-0.003958,0.002980,-0.002681
-0.002886,0.002478,-0.006219
-0.002132,0.001949,-0.006087
-0.000858,0.005990,-0.003246
-0.003905,0.003316,-0.006919
-0.002513,0.001812,-0.003840
-0.003062,0.003195,-0.004893
-0.002109,0.000194,-0.004403
-0.004220,0.003072,-0.004301
-0.002303,0.002012,-0.005298
-0.003344,0.001827,-0.003588
-0.005226,0.002321,-0.005474
-0.001687,-0.002160,-0.008303
-0.002752,0.007200,0.002489
-0.004843,0.006091,0.000393
-0.001503,0.008187,0.001413
-0.003297,0.003561,0.005765
-0.003612,0.004876,0.000310
-0.003304,0.006563,0.001071
-0.002374,0.008467,0.005207
-0.001752,0.008749,0.003618
-0.002958,0.005950,0.002532
-0.004152,0.009124,0.004378
0.001636,0.006402,0.003115
-0.006407,0.007874,0.001704
-0.002514,0.004725,0.004743
0.000029,0.003389,0.005387
-0.003632,0.001811,0.000052
-0.001836,0.006784,0.000597
0.002119,-0.021245,-0.013238
0.004014,0.015814,-0.011525
0.021082,0.001803,-0.004712
0.040510,-0.000300,-0.065177
0.013623,-0.000352,0.002836
0.009859,-0.020767,-0.013684
0.021876,0.007125,-0.019030
0.020340,0.000885,-0.012779
0.005724,-0.017356,-0.017747
0.401312,-0.110024,-0.057439
0.091735,-0.107132,-0.258259
0.008243,-0.005998,-0.005665
0.016918,-0.000798,-0.012010
0.009774,-0.012807,-0.022683
0.000950,-0.008674,-0.019829
0.019754,-0.020201,-0.016431
-0.000335,0.002953,0.004730
0.000388,0.007610,0.001370
0.001060,0.005453,-0.001098
-0.000644,0.006899,0.004465
0.001826,0.004702,0.008285
0.003256,0.006894,-0.000448
-0.000823,0.006200,0.000202
-0.002024,0.006443,-0.003086
0.003679,0.004539,-0.001513
0.002316,0.006220,0.001428
-0.000058,0.003766,-0.001702
0.001230,0.007541,0.004662
0.001207,0.007152,0.000632
0.001075,0.002676,0.002326
-0.000605,0.010837,0.006744
-0.000455,0.005880,0.001138
-0.003781,-0.001665,0.001727
-0.001231,-0.001283,0.000628
-0.003237,-0.002868,0.000284
-0.002613,0.000020,0.001987
0.000058,-0.001941,0.003734
-0.001582,-0.000863,-0.001111
-0.003045,-0.000883,0.000905
-0.000781,-0.000703,-0.000605
-0.001890,-0.005576,0.000988
-0.002288,0.000149,0.003657
0.000759,-0.003759,0.001401
-0.002130,-0.003572,0.001173
-0.003823,-0.001539,0.002436
0.001295,-0.001918,-0.000023
-0.002872,-0.002617,-0.001409
-0.004950,-0.006186,-0.001523
-0.001128,0.003141,0.000068
-0.003084,0.003677,0.001756
0.002420,0.006824,0.004583
-0.000617,0.002583,0.008158
-0.001714,0.007571,0.002806
-0.002031,0.004094,0.001370
0.001108,0.007374,0.003533
0.003900,0.005626,0.002320
-0.001077,0.002619,0.002525
0.000492,0.006273,0.002477
0.000553,0.005962,0.002618
-0.000744,0.002925,0.004220
-0.000750,0.004449,0.001181
0.002894,0.004638,0.003598
-0.000089,0.007630,-0.000314
0.000073,0.002636,0.003607
-0.003911,0.007682,0.000695
-0.008164,0.009421,-0.000519
-0.002023,0.011166,-0.000186
-0.006169,0.008057,0.005905
-0.005537,0.007981,0.002374
-0.003686,0.008129,-0.000012
-0.004755,0.011508,0.001092
-0.003548,0.009436,0.000435
-0.004422,0.009013,0.000499
-0.005876,0.010447,-0.000868
-0.003108,0.008510,0.002638
-0.006084,0.006068,-0.001212
-0.006934,0.008023,-0.001333
-0.002879,0.008811,0.003710
-0.006124,0.010535,0.001927
-0.007257,0.007453,-0.001065
0.004608,-0.004644,-0.001392
0.004941,-0.002884,-0.001853
0.007974,-0.003563,-0.001557
0.002875,-0.001057,-0.000951
0.006715,-0.004435,0.000743
0.005477,-0.001819,-0.003345
0.003556,-0.004422,-0.001749
0.005194,-0.001819,-0.001834
0.006050,-0.004169,-0.001446
0.005472,-0.004372,-0.001559
0.003720,-0.002224,0.000399
0.006618,-0.003330,0.001523
0.005701,-0.004005,-0.001665
0.005729,-0.002115,-0.001810
0.003156,-0.001827,-0.000705
0.005384,-0.005932,-0.000244
-0.002219,0.003612,0.002354
-0.000237,0.004586,0.003431
0.002191,0.005566,0.003964
0.000512,0.001755,0.005773
-0.002080,0.005157,0.005337
0.000902,0.001237,0.001389
0.004191,0.002164,0.005683
0.001720,0.002327,0.002041
0.000020,-0.001441,0.001882
-0.000752,0.003083,0.002605
0.002053,0.002781,0.002988
-0.000799,0.000683,-0.000519
-0.000379,0.003095,0.003593
0.004653,0.002399,0.004111
-0.000813,0.003906,0.000502
0.000459,-0.001083,-0.000031
-0.001803,-0.001923,-0.001896
-0.002400,0.000958,-0.001934
0.002144,-0.002390,-0.004009
-0.006070,-0.000232,0.001213
-0.000872,-0.000752,-0.000779
0.000414,0.000029,-0.005294
-0.000746,-0.001086,-0.003543
-0.002546,0.002570,-0.003499
-0.001484,-0.003632,-0.003738
-0.001309,0.002069,-0.003664
-0.005946,0.002477,-0.001428
-0.002317,-0.000337,-0.002129
-0.001377,-0.001950,-0.001778
-0.002299,-0.000703,-0.005050
-0.005533,0.004124,-0.001131
-0.000871,-0.003561,-0.004012
-0.005487,-0.001887,0.000907
-0.005605,-0.000869,-0.001170
-0.003172,0.000046,-0.001859
-0.005962,0.003448,0.000208
-0.002600,-0.000251,0.000396
-0.003054,0.000430,-0.001839
-0.006555,0.001088,-0.001325
-0.004525,0.003809,-0.002246
-0.004787,-0.002386,-0.000228
-0.003821,-0.000093,-0.000907
-0.006129,0.000363,-0.000080
-0.005154,-0.000948,0.000914
-0.005528,0.000004,-0.000130
-0.004215,-0.001414,-0.000956
-0.005072,0.000888,0.000708
-0.004552,-0.003827,0.001267
-0.007438,0.007315,0.000675
-0.006624,0.010179,0.000156
-0.004303,0.009040,-0.000267
-0.006451,0.013171,0.002088
-0.003975,0.008550,0.002898
-0.004265,0.008764,-0.000523
-0.005881,0.008892,0.002153
-0.003811,0.009780,-0.001051
-0.004936,0.007961,-0.002075
-0.003514,0.010104,0.000711
-0.006260,0.012063,0.000718
-0.005827,0.011282,0.001933
-0.004194,0.008336,0.000528
-0.004385,0.007545,-0.001043
-0.007556,0.009882,-0.000229
-0.006700,0.008037,-0.001524
-0.004259,0.004122,-0.004266
-0.003562,0.004099,-0.006216
-0.001885,0.006315,-0.006549
-0.003920,0.003879,-0.003074
-0.005567,0.008005,-0.004448
-0.002098,0.004737,-0.007093
-0.004056,0.007219,-0.007591
-0.003181,0.008919,-0.007075
-0.006453,0.005842,-0.004257
-0.003087,0.006154,-0.004723
-0.001605,0.004292,-0.006994
-0.004496,0.005880,-0.006638
-0.005009,0.003046,-0.004242
0.000146,0.003838,-0.000220
-0.004386,0.007256,-0.008829
-0.004455,0.002022,-0.006275
-0.002251,-0.002369,-0.001506
-0.003231,0.000682,-0.001236
0.000135,0.001758,-0.001476
-0.004815,-0.000855,0.001940
-0.002630,-0.000020,0.001024
-0.004329,0.001280,-0.001493
-0.002085,0.000887,0.000423
-0.001270,-0.000829,0.000710
-0.003060,-0.000709,-0.001746
-0.001060,0.001217,-0.000885
-0.004071,0.000341,-0.000770
-0.005410,-0.001026,-0.001027
-0.003740,0.001145,-0.000908
-0.002773,-0.000856,0.000921
-0.002437,0.002188,0.000458
-0.002819,-0.000680,-0.000835
-0.001222,0.000147,0.002383
0.001107,-0.000222,0.000886
0.000740,0.003369,0.001696
-0.003716,-0.005884,0.003494
-0.004226,-0.001635,0.000116
-0.000375,-0.001968,-0.001959
0.000621,0.002129,-0.000580
0.000060,-0.002788,-0.002275
-0.000624,-0.006011,-0.002536
-0.005292,-0.002155,-0.004349
0.002019,-0.004479,-0.005402
-0.002644,0.001298,-0.005736
-0.000122,0.001082,-0.000185
0.002476,0.000605,-0.000159
-0.005055,0.002101,0.000077
-0.000515,-0.002612,-0.005523
-0.024754,-0.128076,0.050444
-0.000136,-0.013590,-0.004034
0.012002,-0.012270,-0.004141
-0.008308,-0.010180,0.006765
-0.010715,-0.004878,0.003255
-0.005431,0.005906,-0.011838
-0.008012,-0.007865,-0.000691
-0.020352,-0.007786,-0.003505
-0.007521,-0.125613,-0.078495
-0.008227,-0.019829,0.004448
-0.002332,-0.001043,-0.013230
-0.005616,0.001519,-0.007093
0.005643,0.002254,0.007040
-0.007026,0.011595,-0.009483
-0.014412,0.001233,0.017246
0.125440,-0.113588,0.065820
0.014391,-0.447302,0.076528
-0.131440,-0.237415,-0.133790
0.188597,-0.420143,-0.367275
0.284671,-0.148080,-0.127001
0.091638,-0.388044,0.316857
0.003126,-0.262566,-0.222080
0.190167,-0.243285,-0.298609
-0.084564,-0.136130,-0.255620
-0.005281,-0.469130,-0.286165
0.107289,-0.169536,-0.107494
-0.156058,-0.347817,-0.229483
0.186442,-0.265854,0.076786
-0.045943,-0.217628,-0.020265
-0.193036,-0.450681,-0.082792
-0.134528,-0.370223,0.160310
0.388353,-0.392343,-0.035428
-0.207716,-0.317823,0.402792
-0.176343,0.138720,0.313887
-0.085031,-0.047391,0.250687
-0.080107,-0.135425,0.157189
-0.192551,0.033011,0.424083
-0.149257,0.015225,0.218303
-0.108764,-0.119386,0.035511
-0.114567,0.004532,0.117525
-0.189919,-0.211227,0.399032
-0.159138,-0.016920,0.318898
-0.172472,-0.164089,0.283127
-0.164148,-0.091132,0.384471
-0.102220,0.058512,0.284026
-0.139897,-0.098961,0.183543
-0.187019,-0.074523,0.346681
-0.078061,-0.179765,0.336864
-0.004827,-0.007991,-0.002998
-0.003730,-0.013503,-0.004497
-0.002592,-0.007039,-0.006110
-0.006063,-0.009558,-0.001241
-0.002291,-0.008318,-0.003664
-0.006219,-0.012122,-0.004514
-0.002695,-0.007411,-0.002717
-0.002874,-0.009586,-0.001847
-0.007130,-0.007731,-0.002639
-0.004367,-0.010643,-0.001579
-0.003018,-0.009995,-0.004220
-0.004076,-0.009913,-0.002967
-0.004557,-0.008042,-0.004924
-0.002487,-0.008783,-0.001954
-0.006149,-0.007525,-0.006466
-0.005447,-0.015176,-0.005109
0.002719,-0.006095,-0.000447
0.001606,-0.005077,-0.000907
0.008376,-0.004198,0.000183
0.003379,-0.006173,0.003260
0.004598,-0.004956,0.001911
0.006093,-0.006720,0.000253
0.005115,-0.002254,0.000084
0.003561,-0.004714,-0.000791
0.003437,-0.005426,0.000519
0.004514,-0.004306,0.000911
0.004845,-0.005151,0.002576
0.005019,-0.004974,0.000747
0.004887,-0.006570,0.002614
0.006535,-0.007044,0.001974
0.001625,-0.003522,0.000154
0.004652,-0.007265,-0.000855
-0.004218,0.002010,-0.003701
-0.004545,-0.000854,-0.004404
0.000129,0.002741,-0.006335
-0.002561,-0.000961,0.000491
-0.003090,0.000919,-0.001840
-0.003141,-0.004099,-0.004913
-0.001770,0.001157,-0.002864
-0.002339,0.002097,-0.004828
-0.002186,-0.000635,-0.005082
-0.001474,-0.001431,-0.003030
0.000690,-0.001608,-0.004296
-0.003402,0.000837,-0.004924
0.000888,-0.000852,-0.001379
-0.000374,-0.001399,-0.001713
-0.007207,-0.000729,-0.003380
-0.001521,-0.000650,-0.005229
-0.001767,0.000778,0.005684
-0.005165,0.000706,0.005252
-0.002630,0.002017,0.003157
-0.004874,0.000987,0.007488
-0.002626,0.001095,0.005449
-0.004259,0.002124,0.002460
-0.004262,0.001910,0.004685
-0.004256,0.002593,0.004015
-0.005740,0.001109,0.004324
-0.003637,0.003993,0.005327
-0.004084,0.002211,0.007671
-0.003410,0.000087,0.005604
-0.005227,0.002154,0.003914
-0.004481,0.000760,0.004920
-0.006663,0.004389,0.003404
-0.003194,-0.002185,0.004063
-0.000570,-0.005340,-0.004173
0.001555,-0.001854,-0.003141
0.005138,-0.000278,-0.004519
-0.002239,-0.004798,0.003530
0.001278,-0.002837,-0.001402
0.002834,-0.002065,-0.004923
-0.001119,-0.002271,-0.001288
0.003403,-0.002777,-0.001565
0.002961,-0.002920,-0.003080
-0.001111,-0.002791,-0.002956
0.002060,-0.002684,-0.002730
-0.002150,-0.003766,-0.003544
0.001954,-0.002218,-0.003735
0.003170,-0.005631,-0.003646
0.003017,-0.000316,-0.004380
0.000920,-0.007202,-0.001768
-0.006129,-0.007205,-0.005598
-0.003264,-0.001067,-0.001453
-0.001096,0.000866,-0.000677
-0.003988,-0.000132,0.000469
-0.006385,-0.002173,0.002197
-0.002982,-0.000064,-0.004478
-0.001224,-0.000333,-0.002663
-0.006585,0.002889,-0.003336
-0.006409,-0.005078,-0.003574
-0.000268,-0.001256,-0.002226
-0.002778,-0.001784,-0.004243
-0.005782,-0.003153,-0.004963
-0.005516,-0.000854,-0.002301
-0.001675,-0.005789,-0.000486
-0.006796,0.002631,-0.001226
-0.004972,-0.005665,-0.007056
-0.001128,-0.000351,-0.009479
-0.004985,0.000564,-0.009453
0.001713,0.007755,-0.010149
-0.002861,-0.001128,-0.005940
-0.004064,0.000903,-0.009694
-0.001474,-0.000993,-0.011414
-0.001912,0.003525,-0.009070
-0.002186,0.000217,-0.009831
-0.002233,-0.000791,-0.008202
-0.002241,0.000442,-0.009817
0.002297,-0.005101,-0.007950
-0.004234,-0.001898,-0.013332
-0.002360,0.000017,-0.009998
-0.003780,-0.004379,-0.009775
-0.004001,-0.000117,-0.010964
-0.001954,-0.004528,-0.011555
0.129831,-0.053155,0.088794
0.001188,-0.084442,-0.023177
0.208619,-0.095251,-0.039997
0.154063,-0.020344,-0.081256
0.048691,-0.067214,0.171500
0.018308,-0.055360,-0.135397
0.306793,-0.045210,-0.155646
-0.033771,-0.020746,-0.178677
0.046391,-0.107226,0.051486
0.209667,-0.052894,0.055945
0.059684,-0.066062,-0.229599
0.310230,-0.078136,0.021167
0.127838,-0.086157,-0.085534
-0.072055,-0.094023,-0.111959
-0.011229,0.016917,0.122078
0.179226,-0.072241,-0.178078
0.325017,-0.644140,-0.294803
0.255731,-0.340967,-0.334075
0.402553,-0.599245,-0.382262
0.466654,-0.323540,-0.355112
0.406307,-0.372788,-0.267644
0.400171,-0.230797,-0.391627
0.457131,-0.463444,-0.377742
0.370847,-0.389364,-0.378654
0.399591,-0.694071,-0.357953
0.389574,-0.270926,-0.296968
0.346794,-0.531705,-0.392196
0.409457,-0.538011,-0.210199
0.407299,-0.469343,-0.315748
0.224489,-0.576286,-0.361054
0.276596,-0.447245,-0.300098
0.485924,-0.590869,-0.328170
-0.002822,-0.000694,0.005779
-0.001739,0.002240,0.002247
0.003497,0.001828,-0.000739
-0.003732,0.000521,0.004336
-0.000842,0.001678,0.005982
-0.001784,0.002328,0.001513
-0.002572,-0.000504,0.000860
-0.003733,-0.000949,0.002629
0.000864,0.000008,-0.000287
0.000451,0.001768,0.003391
-0.002961,0.000504,0.006481
-0.001725,0.001975,0.004853
-0.001509,-0.000620,0.004111
-0.000676,0.000980,0.000525
-0.003328,0.003007,0.003321
-0.000226,-0.000684,0.005671
-0.006921,0.005636,0.002662
-0.004578,0.009157,0.002128
-0.001617,0.009827,0.003093
-0.003556,0.008997,0.005506
-0.005500,0.010508,0.004669
-0.003957,0.008637,0.000868
-0.005558,0.010718,0.003484
-0.007155,0.009831,0.000848
-0.005815,0.006608,0.004072
0.000855,0.010978,0.002402
-0.007339,0.011099,0.006165
-0.007245,0.010128,0.004160
-0.003936,0.009835,0.003965
-0.008360,0.007783,0.002740
-0.007092,0.006598,0.002183
-0.003904,0.005618,0.002961
-0.007320,-0.001633,0.004903
-0.010041,0.001663,0.006604
-0.006998,0.001409,0.006448
-0.009160,0.004209,0.007493
-0.009898,0.001537,0.005862
-0.010350,0.002590,0.006112
-0.007250,0.003411,0.003949
-0.010008,0.001907,0.005294
-0.006860,-0.000839,0.006664
-0.004313,0.002602,0.003568
-0.009598,-0.001505,0.005812
-0.009152,0.003519,0.005960
-0.009263,0.002021,0.008168
-0.008097,-0.000748,0.006043
-0.009024,0.000170,0.005568
-0.006896,-0.001496,0.004457
0.002203,0.003412,-0.001492
-0.000280,0.005436,-0.003358
0.002054,0.005611,-0.000276
0.000882,0.002586,-0.001630
0.001791,0.003829,-0.002108
0.001343,0.006720,-0.002970
0.000764,0.004564,-0.000905
0.001086,0.004252,-0.002688
-0.001142,0.003544,-0.000503
0.001108,0.006918,-0.000684
0.000052,0.002633,0.000968
-0.001357,0.004086,-0.003414
-0.000215,0.003909,-0.001349
0.000041,0.002581,-0.000156
0.000581,0.005196,-0.002452
0.002625,0.001775,-0.001986
-0.000176,-0.002849,-0.004946
-0.002497,-0.004922,-0.005295
0.004290,-0.000618,-0.008402
-0.001282,-0.006444,-0.004513
0.001507,-0.002830,-0.007164
-0.000201,-0.003810,-0.010122
0.002254,-0.000414,-0.006307
0.002679,-0.005796,-0.006294
-0.001555,-0.002102,-0.007801
-0.003252,-0.004104,-0.009375
0.000035,-0.004324,-0.008104
-0.001543,-0.003941,-0.009999
0.002066,-0.004249,-0.006049
0.000263,-0.003266,-0.007530
-0.004691,0.000435,-0.005814
0.001008,-0.003730,-0.007686
-0.002325,0.001666,-0.002333
-0.002331,0.002216,-0.001954
-0.000084,0.003553,-0.000531
-0.001912,0.003677,-0.001910
0.001130,0.004649,-0.000569
-0.002270,0.001450,-0.002013
-0.002407,0.003770,-0.001274
-0.002783,0.003136,-0.001510
-0.001198,0.004866,-0.000939
0.000320,0.002094,-0.000613
0.000803,0.002570,-0.004325
0.000809,0.002499,-0.002028
-0.001065,0.005136,0.000504
-0.001101,0.003292,-0.001465
0.000428,0.002150,-0.001508
-0.003126,0.003190,-0.002703
-0.301944,0.605646,0.390754
-0.374307,0.812626,0.272043
-0.250315,0.641613,0.248922
-0.276320,0.832973,0.234525
-0.282982,0.744853,0.316472
-0.235990,0.729113,0.150449
-0.277277,0.832050,0.074857
-0.342599,0.907139,0.135720
-0.350673,0.657276,0.297364
-0.304527,0.749907,0.229074
-0.333482,0.673077,0.197733
-0.232773,0.747597,0.400323
-0.309246,0.877522,0.355464
-0.336179,0.789958,0.149516
-0.349826,0.756221,0.389904
-0.211875,0.627351,0.343253
-0.257802,0.486982,0.164538
-0.350822,0.727304,0.095179
-0.241044,0.517806,0.029709
-0.275494,0.624856,0.100183
-0.322931,0.566566,0.333743
-0.325957,0.630675,-0.188414
-0.245541,0.550925,-0.170171
-0.326446,0.752537,-0.082638
-0.237080,0.382549,0.036441
-0.297624,0.738993,-0.006495
-0.264061,0.472884,-0.149978
-0.256088,0.577738,0.233012
-0.392195,0.879637,0.015005
-0.261379,0.627984,-0.068864
-0.331408,0.622930,0.153324
-0.166694,0.385379,-0.119421
0.483720,-0.600427,0.371596
0.346016,-0.337658,0.351204
0.420572,-0.546778,0.266186
0.481860,-0.127502,0.327117
0.398646,-0.497329,0.364201
0.275492,-0.190946,0.143997
0.413264,-0.200624,0.096438
0.328990,-0.180028,0.249445
0.410273,-0.661675,0.347273
0.439247,-0.223662,0.256657
0.426041,-0.396876,0.257048
0.481098,-0.361827,0.368895
0.447145,-0.238754,0.353123
0.307151,-0.432731,0.313418
0.294204,-0.594668,0.380926
0.495431,-0.484953,0.343292
-0.003270,0.000774,-0.007630
-0.005257,0.004847,-0.002953
-0.000518,0.004560,-0.004860
-0.000401,0.004133,-0.001441
-0.004023,0.000820,-0.007020
-0.004582,0.004013,-0.007957
-0.003996,0.002637,-0.003808
0.000899,0.003909,-0.006393
-0.005521,-0.002676,-0.006380
-0.006846,0.004524,-0.004476
-0.002543,0.000745,0.000856
-0.005195,0.000768,-0.007309
-0.004815,0.003773,-0.006499
-0.001039,-0.001073,-0.003032
-0.007527,0.003355,-0.006094
-0.001095,0.001030,-0.007662
-0.002558,-0.013916,0.000753
-0.010726,-0.003488,0.004638
0.001383,0.006849,0.002318
0.003549,-0.003577,0.012016
-0.003925,-0.009028,0.014541
-0.013316,0.001384,-0.005606
-0.007033,-0.003099,-0.008151
-0.010042,0.000605,0.001901
-0.000390,-0.006082,0.000984
-0.003842,-0.005352,-0.000099
-0.007255,-0.002222,0.007858
-0.009615,0.003876,0.006096
-0.003540,-0.006709,0.005571
-0.003675,0.002944,-0.002294
-0.107287,0.085555,0.058412
-0.004264,-0.009501,0.003701
-0.005279,-0.001161,0.000719
-0.005369,-0.000377,0.001563
-0.002017,0.002979,0.001013
-0.004133,0.002939,0.003088
-0.004764,-0.000364,0.000757
-0.004635,-0.001409,0.000647
-0.003870,0.000939,0.001375
-0.005501,0.001634,0.002172
-0.004349,-0.000539,0.005243
-0.005803,-0.000163,-0.000429
-0.002942,0.000761,0.004933
-0.002946,-0.003211,0.000432
-0.008547,-0.002202,0.001977
-0.006517,-0.003008,-0.000548
-0.004162,0.000080,-0.001912
-0.003210,-0.004850,-0.000010
-0.012390,-0.002902,-0.000578
-0.014828,-0.000898,0.003337
-0.010245,0.002476,0.002839
-0.013041,-0.001722,0.007498
-0.014976,0.000723,0.002912
-0.013126,0.000724,0.000864
-0.011722,0.002747,0.002994
-0.012509,0.001666,0.003152
-0.013115,-0.000527,0.001478
-0.011241,-0.002468,0.000769
-0.010945,-0.002327,0.001532
-0.012996,0.000009,-0.001388
-0.012867,0.001126,0.001078
-0.010577,-0.001973,0.004307
-0.014211,0.000203,-0.001289
-0.012757,-0.002444,0.002200
-0.016993,0.006160,0.001450
-0.019048,0.003369,0.001512
-0.013281,0.007363,0.001477
-0.015726,0.005926,0.003038
-0.014429,0.007124,0.002242
-0.019219,0.005301,0.002274
-0.016567,0.005804,0.001466
-0.016585,0.005126,0.002585
-0.014484,0.005828,0.002679
-0.013718,0.005652,0.002249
-0.013851,0.002866,0.004187
-0.015307,0.002414,0.002596
-0.016965,0.005200,0.003195
-0.015147,0.004127,0.001337
-0.018979,0.003054,0.001279
-0.015287,0.003196,0.001770
-0.001149,0.014012,-0.001095
-0.003856,0.012744,-0.001880
-0.000116,0.014142,-0.004535
-0.004375,0.008965,0.001245
-0.006788,0.015597,-0.000926
-0.001546,0.014635,-0.004513
-0.000217,0.015315,0.000426
-0.002207,0.013247,-0.001491
-0.003415,0.009502,-0.002353
-0.006031,0.014710,-0.002329
0.000739,0.010014,-0.002601
-0.003086,0.011075,-0.005597
-0.006172,0.011568,-0.002607
0.002517,0.012193,-0.002433
-0.004660,0.015511,-0.004310
-0.003770,0.010598,-0.005315
-0.003016,0.012711,-0.009054
-0.003266,0.014135,-0.005704
-0.000315,0.014944,-0.007977
-0.001135,0.015022,-0.004376
-0.000821,0.015546,-0.005427
-0.002935,0.011534,-0.010303
0.001159,0.015222,-0.004785
-0.003122,0.014121,-0.007053
-0.002238,0.011031,-0.009312
-0.002655,0.014145,-0.006452
-0.000046,0.014367,-0.007496
-0.002047,0.012553,-0.009364
-0.002671,0.014215,-0.008223
-0.001812,0.013798,-0.005642
-0.003203,0.016404,-0.010934
-0.000981,0.011952,-0.010850
0.012768,-0.003729,0.002667
0.010752,-0.001568,0.006581
0.008121,-0.000584,0.005407
0.009948,0.004561,0.006623
0.012635,-0.006404,0.009345
0.012328,0.000660,0.007102
0.007044,0.005068,0.007435
0.010475,0.004417,0.000102
0.014577,0.000313,0.002933
0.009225,0.004802,0.008345
0.015334,0.001906,0.007689
0.015456,0.001607,0.003535
0.013424,0.002540,0.004288
0.009864,-0.002788,0.002367
0.011659,-0.001679,0.005698
0.015204,-0.004158,-0.000536
-0.163287,-0.292820,-0.320455
-0.198811,-0.100860,-0.338626
-0.044840,-0.117354,-0.325360
0.029991,-0.092223,-0.392380
-0.127224,-0.121919,-0.258546
-0.181677,-0.148505,-0.405366
-0.051161,-0.168563,-0.387246
-0.205313,-0.020425,-0.396906
-0.141285,-0.312073,-0.390848
-0.091582,-0.055840,-0.388040
-0.142086,-0.164255,-0.331624
-0.003918,-0.178973,-0.280501
-0.137830,-0.014512,-0.335823
-0.196078,-0.301568,-0.389973
-0.200626,-0.143757,-0.264891
0.072794,-0.223784,-0.380853
-0.002214,0.002415,-0.006748
-0.003618,-0.000177,-0.006458
0.001634,0.002821,-0.006824
-0.001773,0.001466,-0.003203
-0.002986,0.003948,-0.004955
-0.000640,0.003327,-0.008635
-0.001334,0.003747,-0.006250
-0.003962,0.003222,-0.006056
-0.000935,0.004494,-0.005907
-0.001281,0.003537,-0.008581
-0.000951,0.004034,-0.006186
-0.002115,0.001162,-0.006921
-0.002503,0.002969,-0.006812
0.000112,0.001052,-0.003963
-0.001579,0.002384,-0.006988
-0.000323,0.003503,-0.006173
-0.009913,-0.001707,-0.004244
-0.010677,0.002059,-0.002039
-0.006526,0.001461,-0.003285
-0.009601,0.005858,-0.000503
-0.008195,0.000044,-0.001689
-0.007994,0.002042,-0.004987
-0.010711,0.003504,-0.003673
-0.009692,0.005175,-0.005620
-0.010684,-0.001220,-0.004828
-0.009267,0.002774,-0.002127
-0.010509,0.002930,-0.002337
-0.009980,0.001172,-0.001810
-0.009469,0.002569,-0.003318
-0.009398,-0.001164,-0.003534
-0.011172,0.005112,-0.002850
-0.009023,-0.000728,-0.005200
-0.003696,0.003998,-0.000182
-0.006366,0.004106,-0.000620
-0.003763,0.005579,0.001278
-0.003945,0.002662,0.003508
-0.003598,0.002843,0.001733
-0.005408,0.003989,-0.000935
-0.003953,0.003713,0.002404
-0.002076,0.005189,0.001870
-0.003507,0.001443,-0.000590
-0.007263,0.004676,0.002037
-0.002581,0.002682,-0.000091
-0.004829,0.003024,0.000555
-0.007863,0.004465,0.000566
-0.000512,-0.002880,0.001186
-0.007583,0.004150,-0.001283
-0.004810,0.000113,-0.001658
0.000397,-0.001937,-0.004700
0.002928,0.003952,-0.007901
0.004880,0.000734,-0.001802
0.003608,0.000791,-0.003842
0.004242,0.001511,-0.002530
0.004334,0.000853,-0.006034
0.002705,-0.000103,-0.003916
0.003174,0.000845,-0.003732
0.005123,0.000819,-0.005333
0.005814,0.003659,-0.004756
0.002201,0.004186,-0.004226
0.000232,0.001676,-0.004729
0.004748,-0.000653,-0.003871
0.004911,-0.000607,-0.004289
0.002703,-0.000533,-0.005663
0.003282,0.000447,-0.005307
-0.002129,-0.000488,0.002177
-0.004172,0.001566,0.001314
-0.001268,0.001133,0.002108
-0.002510,0.002841,0.004906
-0.002041,0.000394,0.005824
-0.001754,0.000327,-0.000180
-0.002076,0.002585,0.000692
-0.003952,0.002536,-0.000452
-0.001661,0.000935,0.000382
0.002330,0.005057,0.001146
-0.002586,0.001923,0.000996
-0.001913,0.000898,0.003057
-0.003012,0.002069,0.001965
-0.003537,-0.000453,0.001963
-0.003144,0.002173,0.003765
-0.002235,-0.001579,0.001871
0.000703,-0.001687,-0.002368
-0.000051,0.002190,-0.002252
0.002352,-0.000165,-0.002052
0.002233,0.000654,-0.001028
0.000479,0.000221,0.000053
0.000376,-0.001240,-0.003004
0.002939,0.003186,-0.000708
-0.000726,-0.000816,-0.002583
0.002462,-0.001131,-0.002550
0.003379,0.000970,-0.003392
0.002637,-0.002014,0.000499
0.000072,-0.001837,-0.003818
0.000731,0.000660,-0.000637
0.001296,-0.000462,0.000289
0.000757,-0.001026,-0.002084
0.003005,-0.001760,-0.002500
-0.008345,-0.003147,0.001998
-0.007447,-0.002860,0.000202
-0.001224,0.003596,-0.001754
-0.006183,0.008325,0.001331
-0.002321,0.006113,0.002625
-0.005712,0.001104,-0.002516
-0.006291,-0.000471,-0.005168
-0.005254,0.005421,-0.002868
-0.003417,-0.001168,-0.004973
0.001776,0.000684,-0.007156
-0.006806,0.001518,-0.001291
-0.003739,0.006106,0.000305
-0.002237,0.000798,0.002889
-0.003455,-0.002563,-0.005967
-0.009424,0.005553,-0.003639
0.003558,0.000346,0.003878
-0.369945,0.751027,-0.126291
-0.375696,0.868154,-0.200865
-0.212378,0.606384,-0.208541
-0.290158,0.892916,-0.161823
-0.251884,0.842485,-0.060131
-0.370188,0.769936,-0.316911
-0.248500,0.806744,-0.375014
-0.317853,0.874981,-0.351579
-0.336494,0.675346,-0.244514
-0.245112,0.798821,-0.265340
-0.261973,0.708539,-0.345766
-0.233102,0.678867,-0.163582
-0.297198,0.786800,-0.200646
-0.288782,0.758061,-0.425516
-0.347302,0.930755,-0.025798
-0.214778,0.657454,-0.302641
-0.006263,-0.002748,0.002142
-0.004689,-0.000673,0.001965
-0.001232,-0.002788,0.002003
-0.002868,-0.001140,0.003091
-0.005360,-0.001696,0.008156
-0.003046,-0.003578,-0.000091
-0.004237,-0.002629,0.000769
-0.007630,0.000543,0.000168
-0.004242,-0.004123,0.001277
-0.001568,-0.000777,0.001592
-0.005169,-0.002260,0.003934
-0.003184,-0.004147,0.004557
-0.004285,-0.002862,0.004081
-0.002187,-0.004769,0.001447
-0.008268,-0.002216,0.003907
-0.003632,-0.002405,0.004556
-0.004254,-0.004500,-0.002579
-0.005160,-0.002724,-0.002280
-0.002326,-0.002710,-0.004152
-0.002370,-0.001011,-0.003067
-0.002962,-0.000980,-0.001261
-0.003706,-0.003738,-0.006090
-0.002506,-0.002966,-0.002122
-0.005617,-0.000965,-0.006133
-0.001110,-0.004740,-0.004375
-0.003136,-0.003505,-0.004065
-0.003582,-0.002638,-0.000768
-0.005472,-0.004482,-0.003980
-0.001966,-0.003864,-0.002479
-0.002006,-0.002415,-0.003674
-0.006431,-0.004441,-0.005956
-0.003752,-0.004343,-0.003490
-0.005459,-0.006321,0.000081
-0.006501,-0.003317,-0.001981
-0.000603,-0.006979,-0.003701
-0.003814,-0.003203,-0.002200
-0.002690,-0.003071,-0.000019
-0.004248,-0.004821,-0.001638
-0.003195,-0.002827,-0.002620
-0.003553,-0.004793,-0.003617
-0.002743,-0.004061,-0.002689
-0.001959,-0.003852,-0.003812
-0.004747,-0.004613,-0.000115
-0.002189,-0.004082,-0.001366
-0.004667,-0.003942,-0.000247
-0.003903,-0.004331,-0.004613
-0.006116,-0.003587,-0.002492
-0.003582,-0.008037,-0.002798
-0.002092,-0.000615,0.000285
-0.003776,-0.001444,-0.001484
0.000024,0.000358,-0.003179
-0.003168,-0.001883,-0.000667
-0.002885,0.003105,-0.002220
-0.003286,0.001352,-0.002645
-0.004185,-0.000417,-0.002022
-0.002273,0.001199,-0.002720
-0.004134,0.000944,-0.002560
-0.001436,0.000563,-0.003829
-0.003952,0.001048,-0.003067
-0.003323,-0.000198,-0.001070
-0.003264,0.001738,-0.002070
-0.003706,0.000908,0.001177
-0.005759,0.002348,-0.000192
-0.003338,-0.001342,-0.002320
0.001307,-0.006735,-0.001865
0.001984,-0.003685,-0.003802
0.008012,-0.003264,-0.002943
0.002701,-0.002989,0.000208
0.003925,-0.004679,-0.001360
0.002419,-0.002776,-0.004188
0.003183,-0.003152,-0.003782
0.001559,-0.001424,-0.001517
0.003708,-0.004622,-0.002092
0.003565,-0.003449,-0.003916
0.002068,-0.004466,-0.001748
0.002841,-0.003521,-0.001238
0.003796,-0.006353,-0.001302
0.001144,-0.004482,-0.001108
0.001612,-0.003569,-0.001044
0.004424,-0.005755,0.000144
-0.002794,0.000275,-0.002974
-0.005335,0.002610,-0.004605
-0.000117,0.002816,-0.002238
-0.001105,0.000943,-0.000063
-0.003735,0.001413,-0.001874
-0.002942,0.000219,-0.002156
-0.000083,0.000892,-0.001503
-0.003457,-0.000596,-0.002969
-0.000596,0.001618,-0.002488
0.000212,0.001725,-0.002518
-0.000286,-0.002024,0.000822
-0.003310,0.000157,-0.003252
-0.003419,0.000487,-0.002738
0.000550,-0.001297,-0.002241
-0.004921,-0.001087,-0.002891
-0.001784,-0.000664,-0.003772
0.000241,-0.003406,0.003468
-0.002783,-0.002556,0.007297
0.001999,0.002136,0.007002
0.000758,0.000846,0.007912
-0.000407,0.001526,0.003834
0.000676,-0.001264,0.003845
0.004545,0.000490,0.008836
0.000242,-0.000201,0.005329
-0.002122,-0.000498,0.005768
0.002674,-0.002094,0.005915
0.003375,-0.002262,0.006497
-0.001299,0.002198,0.003182
0.003198,-0.000777,0.005108
0.000465,-0.003772,0.006364
-0.002240,0.000781,0.002316
0.000808,-0.003411,0.003979
-0.002390,0.002869,-0.003243
-0.003588,0.003639,-0.001784
0.001800,0.005387,-0.000959
-0.001808,0.005273,-0.000048
-0.003965,0.004325,0.000161
-0.001390,0.005348,-0.003458
0.000320,0.006522,-0.001804
-0.003741,0.006000,-0.002566
-0.002675,0.004002,-0.003951
-0.000582,0.003464,-0.001300
0.000535,0.002975,-0.001622
-0.002788,0.004143,-0.005418
-0.001974,0.004539,-0.001345
-0.000715,-0.000095,-0.000471
-0.007567,0.006108,-0.000353
0.000087,0.003996,-0.003179
-0.005195,0.002486,-0.008547
-0.009194,0.005392,-0.001481
-0.003716,0.007215,-0.007300
-0.004879,0.004544,-0.000625
-0.008741,0.002235,-0.006441
-0.006605,0.004175,-0.005394
-0.006524,0.007474,-0.004145
-0.008000,0.006331,-0.005856
-0.008012,0.005042,-0.005040
-0.007676,0.004858,-0.004316
-0.004516,0.002630,-0.004905
-0.008679,0.004905,-0.007494
-0.008304,0.007274,-0.005377
-0.006504,0.001346,-0.004242
-0.009192,0.005483,-0.007835
-0.004636,0.005465,-0.009753
-0.007141,-0.001188,-0.002872
-0.007981,-0.001476,-0.003057
-0.003518,0.002711,-0.002660
-0.009118,0.002641,0.002123
-0.006579,-0.000000,-0.002275
-0.005066,0.002628,-0.003609
-0.007354,0.000664,-0.002109
-0.007458,0.001163,-0.003205
-0.007835,0.001251,-0.003243
-0.005255,0.001079,-0.002689
-0.003068,0.000099,-0.000302
-0.007008,-0.000638,-0.001934
-0.004103,-0.002651,-0.001606
-0.003615,0.000052,-0.001610
-0.006988,0.003227,-0.000725
-0.005816,-0.002698,-0.001705
-0.010590,0.005244,0.000327
-0.010336,0.009415,-0.000337
-0.007968,0.010712,-0.000151
-0.007584,0.010802,0.001360
-0.011166,0.007471,0.001846
-0.009007,0.010252,-0.002648
-0.010082,0.008458,0.001755
-0.012170,0.010289,-0.002245
-0.010816,0.006862,-0.002384
-0.007902,0.012055,-0.001269
-0.010317,0.010382,0.000629
-0.009704,0.010336,-0.000363
-0.008743,0.011204,-0.000935
-0.012870,0.007664,0.000918
-0.009519,0.009907,0.001440
-0.007036,0.007222,-0.001545
-0.005641,-0.003250,0.004573
-0.005526,-0.002582,0.004115
-0.004131,0.000283,0.003034
-0.007000,-0.001190,0.009080
-0.007220,0.001058,0.007558
-0.004708,0.000160,0.003648
-0.005237,-0.000744,0.005465
-0.008736,0.001095,0.004638
-0.004578,-0.002364,0.004419
-0.004604,-0.001328,0.003354
-0.001871,-0.004387,0.005776
-0.002107,-0.002069,0.005849
-0.003096,-0.001610,0.004058
-0.003446,-0.002339,0.006033
-0.006817,0.000450,0.006834
-0.003639,-0.004532,0.005025
-0.000886,0.000483,-0.004296
-0.000606,0.003989,-0.002761
0.002124,0.002883,-0.003287
0.000148,0.001837,-0.001540
0.001270,0.002425,-0.001493
0.001334,0.003446,-0.006113
0.000692,0.002854,-0.002821
-0.001264,0.001764,-0.004799
0.000208,0.003092,-0.001065
0.001578,0.001151,-0.001266
-0.001080,0.004640,-0.004054
0.000992,0.002858,-0.001983
-0.000138,0.002511,-0.002220
0.000457,0.001788,-0.003656
-0.000663,0.004230,-0.004521
-0.000934,0.000881,-0.004402
-0.008085,0.004137,-0.012181
-0.010142,0.003473,-0.012649
-0.005960,0.003360,-0.010751
-0.008082,0.005854,-0.011490
-0.007367,0.002213,-0.014040
-0.009243,0.002388,-0.010308
-0.010011,0.005089,-0.013189
-0.002614,0.006472,-0.011998
-0.010126,0.002621,-0.013502
-0.009515,0.004919,-0.012444
-0.006028,0.001089,-0.010512
-0.010908,0.001932,-0.013584
-0.008431,0.000315,-0.009885
-0.006820,0.001050,-0.010288
-0.012031,0.002860,-0.015392
-0.008451,-0.000912,-0.014943
-0.000536,0.004626,-0.002004
-0.001172,0.006143,-0.005022
0.002611,0.009507,-0.004131
-0.003206,0.005898,-0.000279
0.001478,0.006898,-0.002586
0.001630,0.006011,-0.001753
-0.000694,0.009456,-0.000864
0.000766,0.006092,-0.003429
0.000569,0.009366,-0.001551
0.001119,0.005469,-0.004116
0.002718,0.004748,0.000657
-0.000910,0.005765,-0.001542
0.001302,0.005053,-0.000626
0.003669,0.004039,-0.002999
0.001418,0.005720,-0.002878
0.001837,0.000938,-0.001541
-0.155142,0.279671,-0.352245
-0.337483,0.536363,-0.321612
-0.195519,0.373492,-0.404573
-0.155891,0.455684,-0.378771
-0.287827,0.436223,-0.312788
-0.272806,0.573928,-0.402309
-0.242634,0.656915,-0.390428
-0.339672,0.630771,-0.354344
-0.289983,0.348457,-0.379340
-0.213000,0.520899,-0.326004
-0.249550,0.259192,-0.369820
-0.198323,0.438712,-0.250258
-0.292043,0.612656,-0.303510
-0.282051,0.456468,-0.380005
-0.283916,0.549772,-0.260962
-0.189246,0.407802,-0.332181
0.004306,-0.002647,0.006742
0.002656,-0.000417,0.006239
0.005621,0.000252,0.006860
0.002472,-0.002731,0.008146
0.004796,-0.002384,0.009653
0.004804,-0.003645,0.004296
0.003383,-0.001931,0.005823
0.003996,-0.002927,0.006265
0.002969,-0.002579,0.008204
0.003401,-0.001157,0.007983
0.004504,-0.004119,0.010510
0.002823,-0.002816,0.005067
0.002478,-0.004081,0.008278
0.003454,-0.005155,0.006013
0.001799,0.001496,0.006723
0.004791,-0.006318,0.006475
-0.008521,-0.009178,0.001879
-0.009802,-0.006971,0.000113
-0.003414,-0.008766,0.000630
-0.004655,-0.009103,0.002850
-0.007645,-0.010080,0.002501
-0.006287,-0.008566,0.000118
-0.006021,-0.007976,-0.002179
-0.009250,-0.006305,-0.002928
-0.007055,-0.009664,-0.000769
-0.007534,-0.009560,0.000228
-0.005795,-0.012127,0.003194
-0.005887,-0.007708,-0.000260
-0.007178,-0.008885,0.002150
-0.008094,-0.011901,0.000902
-0.012142,-0.007404,0.001795
-0.003243,-0.012983,-0.000427
-0.001098,-0.001415,-0.003364
-0.000020,0.007227,-0.004209
0.003297,0.002088,-0.005983
-0.000829,0.009413,-0.004988
-0.000689,0.005749,-0.001342
-0.000318,0.008190,-0.005131
-0.001858,0.003801,-0.004710
-0.002581,0.007221,-0.003957
0.000690,0.003209,-0.003316
0.005496,0.007292,-0.005571
-0.004593,0.006605,-0.002324
0.001609,0.004953,-0.001900
-0.001908,0.004235,-0.002458
-0.005175,0.003656,-0.003278
-0.001432,0.005859,-0.001504
0.000704,-0.002271,-0.005319
0.005800,0.004172,-0.008388
0.005963,0.006012,-0.008677
0.007556,0.006160,-0.009534
0.004856,0.007571,-0.008762
0.006723,0.005275,-0.002666
0.005291,0.005457,-0.012108
0.005496,0.005036,-0.008108
0.004548,0.004718,-0.011147
0.005669,0.005038,-0.008850
0.006620,0.004359,-0.008978
0.004094,0.006193,-0.010009
0.007184,0.003934,-0.007545
0.004957,0.006859,-0.006928
0.005433,0.002794,-0.010325
0.003505,0.006645,-0.005415
0.004506,0.002927,-0.010539
-0.000658,0.003453,-0.001723
-0.000429,0.010049,-0.002657
0.004049,0.007921,-0.002994
0.000282,0.006021,-0.001106
-0.002028,0.007117,-0.000174
0.000688,0.006158,-0.002550
0.000357,0.007248,-0.004662
-0.002013,0.009065,-0.004359
0.000306,0.005022,-0.004954
0.002635,0.007039,-0.003444
-0.002977,0.008119,-0.002040
0.002326,0.008335,-0.000522
-0.000134,0.005770,-0.000371
-0.000690,0.005743,-0.004408
-0.003655,0.008870,-0.003217
0.001415,0.003176,-0.004118
-0.003605,0.005071,-0.003022
-0.002280,0.006094,-0.002157
0.000693,0.008655,-0.003897
-0.003579,0.008342,-0.001984
-0.002442,0.008638,-0.002311
-0.001083,0.006624,-0.005949
-0.001832,0.008439,-0.002887
-0.002268,0.007150,-0.005358
-0.001845,0.003668,-0.002963
-0.001830,0.009820,-0.003852
-0.000601,0.004488,-0.002420
-0.001520,0.005991,-0.004729
-0.001798,0.005456,-0.003909
-0.001376,0.007793,-0.001125
-0.002836,0.008577,-0.004078
-0.000414,0.002876,-0.004332
-0.008200,0.001711,0.010619
-0.008592,0.002314,0.009593
-0.004552,0.002487,0.010325
-0.007731,0.003040,0.012790
-0.007076,0.001185,0.013060
-0.008228,0.003529,0.010277
-0.007412,0.003889,0.011399
-0.007786,0.002274,0.011205
-0.008106,0.002072,0.009536
-0.003712,0.006123,0.010025
-0.006853,0.002732,0.013706
-0.009615,0.002948,0.010344
-0.008306,0.002808,0.012291
-0.007111,-0.001736,0.013258
-0.011223,0.001477,0.010968
-0.008626,0.002192,0.009610
-0.010458,-0.000971,0.004479
-0.011981,0.003264,0.005238
-0.009566,0.001930,0.002993
-0.010436,0.006226,0.006346
-0.008826,-0.000484,0.007192
-0.011053,0.000044,0.003448
-0.011175,0.004188,0.002982
-0.013141,0.004150,0.000665
-0.010415,0.000713,0.003652
-0.007521,0.000737,0.003603
-0.010849,0.000623,0.004211
-0.008539,0.002179,0.005797
-0.010929,0.001926,0.005944
-0.014012,0.002107,0.002644
-0.013440,0.003844,0.007039
-0.009950,-0.002035,0.003084
-0.004315,-0.002328,0.006716
-0.008277,0.002946,0.006390
-0.000917,0.003738,0.005949
-0.006997,0.004806,0.008075
-0.002313,0.003819,0.009462
-0.005119,0.004641,0.007915
-0.005504,0.005327,0.005429
-0.002511,0.002694,0.008525
-0.005012,0.000385,0.008264
-0.002782,0.004960,0.004406
-0.003769,0.002350,0.008141
-0.003386,0.000738,0.006671
-0.004979,0.000523,0.009118
-0.003519,0.001480,0.008862
-0.004165,0.005514,0.006293
-0.004625,-0.000720,0.010546
-0.001316,0.001234,0.002231
-0.001839,0.002255,0.005282
-0.001382,0.002855,0.006700
-0.004705,0.001043,0.007270
-0.004172,0.001142,0.007902
-0.002357,0.001395,0.002016
0.000890,0.002613,0.006453
-0.003016,0.003134,0.002936
-0.001462,0.000694,0.003562
-0.002562,0.000748,0.003574
-0.000811,0.002466,0.003006
-0.000611,-0.002147,0.004867
-0.002619,0.002779,0.002454
-0.001615,0.000745,0.004952
-0.001507,0.002327,0.003546
-0.003702,0.001145,0.003337
0.001404,-0.000670,-0.003644
0.001234,-0.000207,-0.004710
0.003006,0.002093,-0.004210
0.000333,0.001749,-0.002146
0.000154,-0.001402,-0.003324
0.002226,-0.000215,-0.004783
0.002748,0.001740,-0.003735
0.001004,0.001118,-0.004676
0.001060,-0.000816,-0.003413
0.002068,0.000636,-0.005132
0.001897,-0.000990,-0.003173
0.000347,-0.000299,-0.005071
0.001688,0.000139,-0.003390
0.004180,-0.001842,-0.001703
0.000795,0.001779,-0.003192
0.002365,-0.002106,-0.003468
0.004439,0.001658,-0.011298
0.002730,0.002407,-0.010911
0.004387,0.003253,-0.011388
0.004407,0.004252,-0.010301
0.007356,0.002275,-0.010445
0.004078,0.003433,-0.012596
0.002674,0.003694,-0.009922
0.005082,0.005065,-0.012278
0.003845,0.002722,-0.011529
0.004120,0.003665,-0.010153
0.006251,0.003273,-0.011766
0.003852,0.003675,-0.010557
0.006456,0.004215,-0.010120
0.004444,0.001397,-0.013226
0.002289,0.001435,-0.013648
0.003162,0.001512,-0.012908
0.000799,-0.009405,-0.007224
-0.002364,-0.003300,-0.005103
0.006470,-0.008964,-0.008587
0.000903,-0.007310,-0.002646
0.004683,-0.010627,-0.002701
0.003548,-0.009350,-0.010240
0.005460,-0.005669,-0.007534
0.003083,-0.006620,-0.008925
0.004609,-0.008638,-0.007407
0.002509,-0.005452,-0.003540
0.002037,-0.005908,-0.003578
0.004333,-0.004622,-0.006118
0.003931,-0.008300,-0.005463
0.002951,-0.009490,-0.006349
0.001273,-0.002947,-0.003697
0.003273,-0.008168,-0.006628
-0.187260,-0.627894,-0.291127
-0.280158,-0.530043,-0.323477
-0.176446,-0.612377,-0.382179
-0.093838,-0.341831,-0.333871
-0.288693,-0.590200,-0.189334
-0.209829,-0.541123,-0.356456
-0.117901,-0.467477,-0.375063
-0.300077,-0.350012,-0.381407
-0.271927,-0.687375,-0.345530
-0.171508,-0.385775,-0.359365
-0.278956,-0.578347,-0.375717
-0.193272,-0.479881,-0.268453
-0.258451,-0.450550,-0.372304
-0.363595,-0.645519,-0.357063
-0.227058,-0.371654,-0.267015
-0.031190,-0.585877,-0.344480
-0.003368,-0.001873,0.007587
-0.003457,0.003217,0.006550
0.001392,0.003833,0.008288
-0.002872,0.001089,0.010036
-0.005241,0.003593,0.008411
-0.001153,0.004430,0.005923
-0.001017,0.000143,0.008927
-0.002958,-0.001009,0.006985
-0.002024,0.000567,0.008101
-0.002959,0.001030,0.007253
-0.001577,0.001247,0.008859
-0.002503,-0.000550,0.006019
-0.002115,-0.001080,0.008396
-0.000528,0.001789,0.008344
-0.002264,0.003036,0.008869
-0.002684,-0.003275,0.006332
-0.009916,-0.000216,0.001495
-0.010064,-0.002559,0.000790
-0.006667,0.000304,0.000692
-0.008598,0.000702,0.002546
-0.008407,0.000719,0.001444
-0.010268,-0.000881,0.000239
-0.007750,0.000165,0.002299
-0.010835,0.001054,0.001305
-0.010515,-0.001616,0.001113
-0.007791,-0.001967,0.001695
-0.007287,-0.001603,0.001642
-0.006755,-0.001838,0.002084
-0.010167,-0.000278,0.001941
-0.007787,-0.001937,0.001510
-0.009331,-0.000169,0.001017
-0.005829,-0.001925,0.000222
-0.001266,0.001170,-0.001542
-0.001593,0.004078,-0.004675
0.002807,0.002425,-0.003563
-0.002208,0.002460,-0.002060
-0.002299,0.004748,0.000223
-0.000307,0.002267,-0.002013
-0.000825,0.002691,-0.003648
0.002459,0.003278,-0.003705
-0.002066,0.002988,-0.002231
-0.000591,0.003909,-0.003951
-0.000928,0.002090,0.000616
0.000419,0.000001,-0.002443
-0.002299,0.003071,-0.002519
0.003665,0.001833,-0.001926
-0.000911,0.002072,-0.002378
-0.001727,-0.001926,-0.000767
0.000278,0.001244,-0.008600
-0.001805,0.002787,-0.011044
0.003103,0.003744,-0.009685
0.002521,0.003368,-0.008710
0.001408,0.001572,-0.008586
0.000788,0.002883,-0.011534
-0.000916,0.003938,-0.010466
-0.003504,0.003760,-0.010634
0.002930,0.000871,-0.009187
0.002431,0.003268,-0.008847
0.000802,-0.000323,-0.007802
0.000286,0.000119,-0.007775
-0.001965,0.002763,-0.009464
0.001375,0.001941,-0.010415
-0.001822,-0.001496,-0.010604
0.001242,0.000590,-0.008709
-0.046826,-0.072999,-0.037722
-0.052825,-0.030019,0.033879
-0.007233,-0.001676,-0.017744
-0.005363,0.011093,-0.000173
-0.009881,0.017590,-0.000164
-0.077162,0.000595,-0.005819
-0.021252,0.004823,-0.018378
-0.089821,0.025926,-0.041485
-0.002656,-0.004557,-0.014714
0.000148,0.007252,-0.008893
-0.002036,0.009504,-0.006973
-0.007748,0.002681,-0.011189
-0.020330,0.011662,-0.003551
-0.099863,-0.074728,0.008952
-0.005965,0.014185,-0.007044
-0.000706,0.001141,-0.013696
0.116269,-0.057134,-0.004891
-0.053922,-0.000044,-0.065889
0.177406,0.015985,-0.153941
0.249097,0.023891,-0.061966
0.172531,0.026242,0.052322
0.022458,0.032501,-0.166862
0.252661,0.003955,-0.212190
0.038250,-0.001789,-0.255493
0.200794,-0.065794,-0.100411
0.308269,-0.048558,-0.047214
0.126007,-0.042327,-0.193236
0.267938,0.012900,0.109380
0.094750,0.029981,-0.080795
-0.029180,-0.066682,-0.188008
0.017858,0.020405,0.032286
0.347081,0.012206,-0.136556
0.002235,0.001286,0.008891
0.004286,0.004470,0.006588
0.008319,0.006435,0.008136
0.005426,0.004344,0.009346
0.005846,0.001926,0.010310
0.004915,0.004780,0.006250
0.002603,0.005482,0.007923
0.003862,0.005372,0.007122
0.005055,0.002873,0.006679
0.008184,0.004903,0.009202
0.005269,0.004327,0.009385
0.002367,0.003716,0.008237
0.004065,0.002948,0.008755
0.006499,0.000046,0.009851
0.004461,0.002683,0.008208
0.006380,0.003562,0.009210
-0.004841,-0.000583,0.009164
-0.004989,-0.000055,0.007700
-0.003376,-0.000158,0.008566
-0.006489,-0.002173,0.010751
-0.004164,-0.002514,0.009036
-0.005954,-0.000224,0.007629
-0.004020,0.001132,0.008324
-0.002198,-0.000550,0.012368
-0.002296,-0.000746,0.009054
-0.004324,-0.000907,0.009695
-0.001767,-0.000852,0.008300
-0.006664,0.000887,0.008425
-0.004929,0.000560,0.010114
-0.003040,-0.004401,0.008408
-0.003557,-0.001401,0.007289
-0.006184,-0.002843,0.007676
