0.028384,0.000690,-0.039977
0.049710,-0.007866,-0.052365
0.040384,-0.014728,-0.018040
0.040651,-0.002587,-0.025086
0.020465,0.014430,-0.022645
0.045401,-0.000892,-0.031556
0.035443,-0.006557,-0.026325
0.014134,-0.002913,-0.036071
0.031818,-0.000293,-0.033096
0.028661,-0.003095,-0.036995
0.044525,0.004879,-0.031066
0.038395,-0.005081,-0.030838
0.038700,0.010120,-0.027016
0.042663,0.003927,-0.025731
0.044514,0.008040,-0.024254
0.059353,0.005395,-0.040741
-0.065408,0.016369,-0.090376
-0.063969,0.011881,-0.096832
-0.070648,0.009445,-0.078406
-0.072008,0.013824,-0.077024
-0.075424,0.025203,-0.076105
-0.065926,0.017542,-0.087490
-0.076352,0.006885,-0.089882
-0.069894,0.020291,-0.094114
-0.077410,0.010498,-0.088784
-0.061268,0.005549,-0.084221
-0.073028,0.023472,-0.082399
-0.071168,0.009616,-0.087319
-0.066798,0.021575,-0.091217
-0.075157,0.019365,-0.104474
-0.058253,0.016146,-0.082585
-0.064079,0.013560,-0.086789
0.010367,-0.053362,-0.034362
0.013252,-0.069969,-0.042037
0.012338,-0.059336,-0.028233
0.008919,-0.050746,-0.036286
-0.000274,-0.074123,-0.027354
0.012362,-0.057711,-0.048062
0.005569,-0.045517,-0.030952
0.022167,-0.078097,-0.029588
0.021653,-0.055046,-0.036546
0.000341,-0.068787,-0.030654
0.028533,-0.052541,-0.035168
0.001129,-0.071356,-0.037196
0.028972,-0.056602,-0.048890
0.013345,-0.056420,-0.039275
0.039105,-0.053469,-0.032639
0.023228,-0.061829,-0.023744
-0.024472,-0.043942,-0.073911
-0.027707,-0.036658,-0.072542
-0.024011,-0.036657,-0.070175
-0.025697,-0.042726,-0.066017
-0.034644,-0.025745,-0.061386
-0.029313,-0.039918,-0.068525
-0.033138,-0.039709,-0.074514
-0.033906,-0.038486,-0.070952
-0.033372,-0.039230,-0.067562
-0.022541,-0.041264,-0.068094
-0.032290,-0.032261,-0.070761
-0.027822,-0.040957,-0.063152
-0.020426,-0.035678,-0.070140
-0.024892,-0.027595,-0.073465
-0.022534,-0.037609,-0.071444
-0.029847,-0.035049,-0.067302
-0.013819,0.015620,-0.125083
-0.011306,0.024694,-0.130346
-0.011877,0.018138,-0.123452
-0.004533,0.019275,-0.129379
-0.010033,0.014934,-0.125154
-0.011220,0.016009,-0.122425
-0.001280,0.017377,-0.119506
-0.006907,0.011449,-0.128154
-0.013920,0.019863,-0.119858
-0.013490,0.016867,-0.122614
-0.011650,0.017414,-0.125948
-0.008362,0.015687,-0.129551
-0.005540,0.018220,-0.124630
-0.012870,0.019556,-0.128222
-0.014018,0.022212,-0.129174
-0.004844,0.016921,-0.126389
-0.075016,0.028681,-0.120790
-0.089789,0.030580,-0.148948
-0.082026,0.024319,-0.163456
-0.079774,0.027439,-0.147025
-0.089727,0.016352,-0.149000
-0.076709,0.021976,-0.151711
-0.085980,0.033044,-0.141475
-0.076385,0.012857,-0.150687
-0.067766,0.029196,-0.163462
-0.082652,0.014329,-0.153681
-0.073663,0.023246,-0.156087
-0.078814,0.031497,-0.153352
-0.070560,0.026064,-0.126178
-0.097721,0.018015,-0.153354
-0.095799,0.023929,-0.162672
-0.075099,0.031357,-0.166195
-0.004935,-0.069088,-0.086315
0.055931,-0.087903,-0.120365
0.077131,-0.084115,-0.085494
0.069989,-0.035034,-0.061513
0.083011,-0.068424,-0.114038
0.058331,-0.080713,-0.063604
0.187968,0.020641,-0.023975
0.069650,-0.053521,-0.070807
-0.032812,-0.101095,-0.083858
0.060354,-0.089276,-0.075829
-0.036885,-0.081654,-0.065330
0.022807,-0.062463,-0.057308
0.003121,-0.076509,-0.088244
0.016628,-0.058925,-0.089724
-0.011698,-0.089016,-0.061802
0.037286,-0.089220,-0.105879
-0.004966,-0.057227,-0.100943
0.007268,-0.055492,-0.099829
0.015611,-0.050676,-0.101799
0.012191,-0.055320,-0.095393
0.006762,-0.051440,-0.081182
0.007051,-0.049474,-0.099391
-0.000300,-0.052597,-0.092203
0.002308,-0.062341,-0.091668
0.000581,-0.058006,-0.089559
0.006902,-0.050762,-0.089139
0.002896,-0.037338,-0.085346
0.006743,-0.048809,-0.098223
0.009648,-0.052512,-0.100050
-0.006065,-0.055264,-0.082176
0.005582,-0.056059,-0.093542
0.012780,-0.052131,-0.102387
0.115914,0.055253,0.073617
0.166341,0.209906,0.074677
0.129615,-0.019831,0.077071
0.163471,0.167272,0.085565
0.245065,-0.050055,0.061981
0.233563,0.145554,0.153686
0.228367,0.109214,0.200999
0.269060,0.028206,0.160736
-0.016442,0.035059,0.023326
0.234337,-0.058458,0.161323
-0.006399,-0.093976,0.063970
0.115742,0.033021,0.020562
0.114563,-0.209283,0.177391
0.138336,0.014706,0.090737
0.014941,0.106993,0.123771
0.185232,0.100953,0.085406
0.141094,0.356187,0.183918
0.284298,0.419032,0.113924
0.329183,0.397516,0.033854
0.362019,0.483741,0.107950
0.373123,0.235617,0.136238
0.348185,0.361237,0.263834
0.779251,1.100165,0.559944
0.319964,0.400398,0.266683
0.092068,0.409441,0.100851
0.294719,0.364527,0.187654
0.083191,0.364385,0.231522
0.195481,0.380085,0.064068
0.166333,0.295340,0.200560
0.268657,0.370257,0.302639
0.178458,0.421934,0.246209
0.244411,0.357904,0.225163
-0.044063,-0.043925,-0.175072
-0.003738,-0.017358,-0.195114
-0.002909,-0.053714,-0.140113
-0.007499,-0.037731,-0.148502
-0.047595,-0.032364,-0.124578
-0.001295,-0.011497,-0.167380
-0.019137,-0.054321,-0.165510
-0.037364,-0.080619,-0.195427
-0.027043,-0.030374,-0.136995
-0.019784,-0.057275,-0.154666
-0.010521,-0.034945,-0.163846
-0.018980,-0.076478,-0.160025
-0.008250,-0.042812,-0.173590
0.018782,-0.037800,-0.186523
0.013664,-0.007989,-0.145768
-0.004215,-0.025302,-0.141243
0.068065,-0.022353,-0.080602
0.069408,-0.039296,-0.073354
0.068954,-0.030298,-0.078267
0.091832,-0.052261,-0.097069
0.091888,0.012399,-0.074399
0.103961,0.021952,-0.084410
0.114425,0.022258,-0.087795
0.058521,-0.028814,-0.134738
0.046712,-0.008972,-0.068731
0.084723,-0.048635,-0.101752
0.047992,-0.047353,-0.072061
0.054744,-0.040805,-0.098094
0.044183,-0.053677,-0.050712
0.034596,0.028362,-0.118859
0.044672,-0.025767,-0.060816
0.064394,-0.044587,-0.077304
-0.031089,-0.013184,-0.087907
-0.036444,-0.006025,-0.088578
-0.030288,-0.006156,-0.093873
-0.027774,-0.009357,-0.089582
-0.035936,-0.011688,-0.089889
-0.032903,-0.016022,-0.094052
-0.026771,-0.002903,-0.089201
-0.020570,-0.008242,-0.094881
-0.027429,-0.008706,-0.091742
-0.034910,-0.001543,-0.091296
-0.034700,-0.018018,-0.090525
-0.038623,-0.001335,-0.092780
-0.025821,-0.012322,-0.092232
-0.040511,-0.011198,-0.098059
-0.035643,0.000016,-0.106529
-0.037254,0.001451,-0.098771
-0.028206,0.003472,-0.098039
0.010434,-0.031824,-0.101262
0.058440,-0.007133,-0.155777
0.102992,-0.007441,-0.133350
0.048948,-0.001001,-0.121165
0.021178,-0.035079,-0.118313
0.092896,0.088333,-0.107801
0.086583,0.001708,-0.087786
0.018380,-0.028718,-0.140182
0.046130,-0.019435,-0.090494
0.041589,-0.000443,-0.103878
0.054370,-0.031142,-0.124634
0.006883,0.009240,-0.092394
-0.034736,0.012285,-0.061319
-0.015584,-0.014353,-0.140362
0.074993,-0.038867,-0.107615
-0.161478,-0.035832,0.546109
-0.178182,-0.035880,0.531324
-0.150869,-0.072523,0.532258
-0.131903,-0.050114,0.482426
-0.135447,-0.022415,0.530920
-0.092162,-0.029662,0.555808
-0.124138,-0.055537,0.528783
-0.101743,-0.005373,0.685883
-0.199222,-0.044081,0.484157
-0.143714,-0.076478,0.594439
-0.161101,-0.071697,0.566731
-0.155738,-0.081142,0.463982
-0.154678,-0.093156,0.590821
-0.146981,-0.024612,0.640247
-0.196911,-0.065528,0.549745
-0.127697,-0.077458,0.596021
-0.245819,-0.037657,0.038847
-0.269822,0.130365,-0.039259
-0.151354,0.027020,-0.034410
-0.171842,0.096235,-0.175989
-0.167190,0.037027,-0.008815
-0.064306,0.004964,0.050527
-0.078825,0.050450,-0.024125
-0.147632,-0.003044,0.301424
-0.197513,0.089532,-0.109337
-0.140859,-0.012788,0.048206
-0.249839,0.031849,0.167569
-0.147536,0.064356,-0.204374
-0.226780,0.022494,0.215633
-0.151770,-0.015883,0.290622
-0.238663,-0.005341,0.092313
-0.176968,0.043607,0.280310
-0.013524,0.033653,-0.072071
0.023253,0.035720,-0.069623
0.021546,0.043156,-0.078325
0.061524,0.024176,-0.065112
0.053499,0.040875,-0.076803
0.032563,0.026677,-0.087201
0.047993,0.036508,-0.079147
0.026378,-0.006738,-0.063075
0.030229,0.032804,-0.073959
0.043601,0.025887,-0.078861
0.010915,0.055638,-0.079963
0.031030,0.031018,-0.085899
0.022620,0.054711,-0.072806
0.023854,0.068636,-0.097295
0.014608,0.040503,-0.051193
0.020490,0.033159,-0.058453
0.405736,0.174347,-0.199109
0.404099,0.165518,-0.211831
0.392024,0.166118,-0.201763
0.403306,0.175664,-0.215610
0.335257,0.214046,-0.181707
0.404767,0.186871,-0.182453
0.399202,0.197901,-0.229759
0.381386,0.184655,-0.191674
0.397557,0.189875,-0.190021
0.388268,0.184707,-0.185580
0.421810,0.190072,-0.172905
0.386247,0.178315,-0.177102
0.412374,0.172705,-0.151318
0.357106,0.168286,-0.194340
0.384524,0.162763,-0.194487
0.402551,0.170697,-0.221157
-0.050569,-0.041855,-0.101099
-0.043689,-0.044329,-0.097366
-0.045434,-0.044918,-0.103032
-0.047757,-0.039011,-0.099938
-0.038321,-0.040783,-0.105155
-0.044879,-0.039376,-0.106084
-0.049516,-0.039744,-0.100927
-0.048218,-0.035426,-0.104302
-0.047565,-0.041277,-0.105111
-0.049410,-0.038994,-0.103568
-0.050221,-0.028889,-0.095197
-0.044354,-0.036215,-0.105941
-0.057474,-0.035168,-0.100383
-0.044822,-0.030126,-0.109089
-0.040265,-0.040207,-0.099977
-0.040358,-0.042050,-0.101020
-0.052027,-0.027754,-0.129906
-0.047156,-0.027428,-0.126093
-0.043276,-0.030081,-0.131565
-0.044128,-0.028551,-0.126031
-0.059658,-0.021117,-0.124234
-0.049051,-0.030714,-0.121092
-0.043612,-0.018464,-0.123586
-0.059912,-0.028993,-0.141760
-0.043976,-0.027156,-0.133046
-0.050060,-0.024796,-0.131949
-0.042377,-0.031568,-0.120111
-0.045435,-0.031341,-0.128424
-0.050355,-0.026727,-0.117208
-0.057371,-0.019235,-0.127633
-0.052354,-0.026999,-0.126785
-0.040343,-0.028342,-0.127966
-0.144374,-0.011953,-0.170995
-0.132632,0.000585,-0.167564
-0.125567,-0.002613,-0.165998
-0.128501,-0.002568,-0.166422
-0.138737,-0.005878,-0.166245
-0.134063,0.004171,-0.167349
-0.131020,-0.000789,-0.174697
-0.138939,-0.000119,-0.176667
-0.120742,0.000001,-0.169577
-0.143088,0.007991,-0.159132
-0.127121,0.009889,-0.160906
-0.138056,0.001260,-0.172770
-0.134888,-0.003746,-0.162339
-0.134690,-0.005855,-0.173164
-0.132564,0.006738,-0.170155
-0.128158,-0.006550,-0.170463
-0.422509,0.060626,-0.129198
-0.310792,0.055404,-0.140717
-0.290782,0.034623,-0.075117
-0.244445,0.055921,-0.115230
-0.236142,0.039173,-0.101948
-0.245867,0.069150,-0.094963
-0.175203,0.048871,-0.119075
-0.250316,0.079809,-0.089087
-0.405164,0.028470,-0.173814
-0.293317,0.085417,-0.095418
-0.434692,0.100103,-0.051097
-0.318977,0.030872,-0.120208
-0.360141,0.100517,-0.083118
-0.377368,0.117059,-0.025898
-0.381904,0.109589,-0.059095
-0.318430,0.065430,-0.085554
0.021239,0.014949,0.167795
0.009124,0.042749,0.176053
0.011567,-0.003211,0.145889
0.019449,0.005262,0.168899
0.034509,-0.015391,0.145730
0.011660,0.003935,0.162610
0.037522,0.009630,0.157834
0.033009,-0.004064,0.158870
0.024166,-0.008624,0.156016
0.038886,0.005507,0.162196
0.012694,0.001099,0.156045
0.013843,0.005906,0.154784
0.034161,-0.016608,0.150426
0.017912,0.011095,0.141716
0.012521,0.013545,0.148433
0.021567,0.001043,0.164485
0.117181,-0.157060,0.102476
0.128262,-0.178574,0.098081
0.123913,-0.163811,0.112700
0.145481,-0.155353,0.118073
0.116298,-0.129990,0.127397
0.142724,-0.148027,0.096070
0.121992,-0.176063,0.090299
0.116153,-0.171641,0.101464
0.107024,-0.162488,0.091743
0.123813,-0.171047,0.098649
0.107525,-0.132193,0.108600
0.121888,-0.154244,0.105568
0.119032,-0.147136,0.115920
0.129921,-0.139154,0.098566
0.137234,-0.138926,0.118977
0.136426,-0.153875,0.114292
-0.084736,-0.017545,-0.072189
-0.083969,-0.017143,-0.079339
-0.088328,-0.011728,-0.070857
-0.084028,-0.008817,-0.072305
-0.091393,-0.014967,-0.064274
-0.090979,-0.022626,-0.075755
-0.091640,-0.010531,-0.069064
-0.093214,-0.015386,-0.074933
-0.083654,-0.010448,-0.069600
-0.089078,-0.018168,-0.070640
-0.083076,-0.009734,-0.068953
-0.085596,-0.018908,-0.074126
-0.083666,-0.011633,-0.071359
-0.079986,-0.012729,-0.089199
-0.080909,-0.022347,-0.071423
-0.075784,-0.009198,-0.070789
0.016847,-0.031626,-0.042901
0.010355,-0.031775,-0.053838
0.020530,-0.029740,-0.057883
0.007874,-0.027859,-0.041839
0.004721,-0.038925,-0.052020
0.014290,-0.022564,-0.046572
0.010045,-0.033295,-0.046905
0.000145,-0.028946,-0.044826
0.014576,-0.025152,-0.054311
0.001190,-0.034987,-0.041720
0.015891,-0.028690,-0.043562
0.015248,-0.029886,-0.050259
0.012883,-0.025636,-0.043844
0.009015,-0.025446,-0.043909
0.015934,-0.024864,-0.051215
0.008666,-0.020148,-0.041173
-0.035383,0.006292,-0.152049
-0.032191,0.007076,-0.150891
-0.036298,0.007850,-0.154611
-0.029923,0.004770,-0.143582
-0.024892,0.006275,-0.155927
-0.036646,0.005104,-0.153732
-0.031957,0.006944,-0.157899
-0.032789,-0.000134,-0.150625
-0.031107,0.007650,-0.156373
-0.028313,0.001210,-0.150825
-0.039101,0.010478,-0.145137
-0.033145,0.007736,-0.151893
-0.032732,0.014273,-0.154244
-0.046063,0.013228,-0.162185
-0.036675,0.001325,-0.156007
-0.033544,0.014991,-0.155023
0.159838,-0.029965,-0.157400
0.170063,-0.023851,-0.157874
0.168220,-0.020334,-0.145799
0.171433,-0.015168,-0.144797
0.137212,-0.004675,-0.143533
0.164030,-0.015570,-0.163143
0.139675,-0.013787,-0.164613
0.139120,-0.020021,-0.176720
0.165369,-0.017242,-0.172387
0.154719,-0.019276,-0.157108
0.177257,0.007029,-0.138679
0.169099,-0.014883,-0.159827
0.158824,-0.001321,-0.160986
0.168135,-0.008963,-0.171728
0.182287,-0.001720,-0.155845
0.186230,-0.007455,-0.152592
0.445373,-0.348003,0.486086
0.463575,-0.215360,0.511416
0.452827,-0.357923,0.501240
0.547105,-0.319655,0.468779
0.610698,-0.381193,0.511742
0.513523,-0.283057,0.517566
0.573796,-0.371769,0.497120
0.504001,-0.358653,0.542464
0.399268,-0.336941,0.454610
0.552813,-0.434720,0.548687
0.415576,-0.388079,0.527493
0.472176,-0.377564,0.459581
0.408878,-0.449601,0.556202
0.421667,-0.401232,0.648952
0.427181,-0.319668,0.506486
0.487679,-0.328148,0.550197
0.052861,-0.099027,-0.064513
0.026919,-0.105435,-0.083131
0.035910,-0.117517,-0.076978
0.042408,-0.095479,-0.068926
0.033731,-0.105886,-0.072928
0.040311,-0.105841,-0.074504
0.035109,-0.118435,-0.070811
0.038201,-0.101992,-0.073015
0.032336,-0.103341,-0.057300
0.035721,-0.102872,-0.068022
0.030699,-0.088180,-0.079810
0.039483,-0.090161,-0.062818
0.055081,-0.101943,-0.066426
0.074476,-0.082532,-0.072174
0.054188,-0.082834,-0.066025
0.040294,-0.099434,-0.059286
0.219164,0.056132,-0.225061
0.212722,0.046661,-0.219140
0.211774,0.045997,-0.227671
0.232121,0.053513,-0.224519
0.229166,0.040693,-0.225728
0.209351,0.040246,-0.217409
0.227698,0.054795,-0.229450
0.234293,0.050216,-0.212185
0.221299,0.050233,-0.210125
0.221399,0.049542,-0.208222
0.214867,0.056419,-0.213779
0.227473,0.050145,-0.228075
0.224954,0.052221,-0.230265
0.198588,0.047521,-0.230170
0.226789,0.046873,-0.225155
0.235339,0.046292,-0.234156
-0.467685,0.338343,0.173568
-0.394228,0.902570,0.207528
-0.253509,0.186795,0.167763
0.011191,0.553657,-0.001218
0.023760,0.056368,0.026907
-0.118583,0.285932,0.145631
0.067950,0.285610,0.161426
-0.150927,0.261795,0.176157
-0.370909,0.266943,0.013028
-0.049947,0.298324,0.261681
-0.401372,0.104521,0.142991
-0.163850,0.372257,0.033116
-0.201830,0.002737,0.191078
-0.282601,0.259230,0.338953
-0.369119,0.443030,0.115979
-0.202315,0.533722,0.227226
-0.056963,0.000328,-0.009196
-0.048940,0.017216,-0.022172
-0.047749,-0.001562,-0.012861
-0.060441,-0.000514,-0.008012
-0.061372,-0.006522,-0.006210
-0.061293,-0.003535,-0.020244
-0.061419,0.000220,-0.010331
-0.067653,-0.005375,-0.011693
-0.045831,-0.005390,0.002944
-0.062471,-0.003143,-0.005624
-0.051223,0.007794,-0.009898
-0.050445,-0.001717,-0.011577
-0.047717,0.000256,-0.012579
-0.028461,0.001390,-0.032495
-0.042403,-0.001804,-0.020529
-0.049005,0.005341,-0.012851
-0.084387,0.029403,-0.056022
-0.069053,0.021001,-0.061393
-0.081128,0.014192,-0.035317
-0.071334,0.021084,-0.039107
-0.072862,0.023999,-0.048330
-0.063096,0.023175,-0.049782
-0.067098,0.013056,-0.047367
-0.071105,0.018136,-0.053815
-0.083842,0.010856,-0.044945
-0.074869,0.018017,-0.041131
-0.084924,0.034528,-0.044475
-0.074315,0.018156,-0.053663
-0.074591,0.029101,-0.056701
-0.062707,0.033831,-0.064219
-0.062556,0.026677,-0.038453
-0.053802,0.018191,-0.047278
-0.056772,0.248927,0.214547
-0.076260,0.257338,0.197651
-0.076250,0.234097,0.191713
-0.070329,0.248334,0.204713
-0.067675,0.255001,0.185813
-0.083022,0.263468,0.197422
-0.063904,0.251397,0.194517
-0.073569,0.266901,0.208084
-0.063999,0.252558,0.191292
-0.071473,0.242962,0.204354
-0.068140,0.238496,0.191699
-0.074336,0.245798,0.208784
-0.068398,0.252147,0.212244
-0.058589,0.266718,0.206167
-0.070531,0.253493,0.206253
-0.081099,0.255028,0.207741
-0.102134,0.042263,-0.131139
-0.087416,0.057746,-0.126240
-0.097192,0.027978,-0.108303
-0.088560,0.036336,-0.108659
-0.066603,0.006582,-0.103615
-0.101658,0.037474,-0.101023
-0.083215,0.004170,-0.125241
-0.090753,0.004565,-0.124029
-0.102522,0.013458,-0.096846
-0.071486,0.013110,-0.120748
-0.101452,0.043310,-0.090589
-0.074539,0.025139,-0.123206
-0.090761,0.031394,-0.137016
-0.108805,0.042108,-0.142780
-0.076052,0.031400,-0.122118
-0.087221,0.034265,-0.127067
0.096325,-0.065164,-0.112706
0.085229,-0.055164,-0.106971
0.084996,-0.051526,-0.140645
0.081949,-0.052303,-0.115522
0.111414,-0.095246,-0.133575
0.078054,-0.072106,-0.102611
0.104454,-0.060237,-0.106160
0.083803,-0.046973,-0.103393
0.103252,-0.050881,-0.076258
0.069539,-0.062079,-0.101112
0.098948,-0.026235,-0.091447
0.101243,-0.056400,-0.112424
0.091351,-0.060151,-0.109975
0.081344,-0.049955,-0.098966
0.099630,-0.061854,-0.108069
0.094212,-0.061807,-0.106571
0.067461,-0.081840,-0.134456
0.080725,-0.094012,-0.134287
0.067561,-0.092533,-0.130803
0.090529,-0.088923,-0.132082
0.099519,-0.097734,-0.147915
0.083856,-0.083170,-0.136186
0.091085,-0.093441,-0.141747
0.095993,-0.100901,-0.129779
0.083166,-0.091959,-0.141917
0.089813,-0.101763,-0.127163
0.069580,-0.074377,-0.135379
0.087976,-0.087460,-0.152153
0.079369,-0.080914,-0.133659
0.087552,-0.077824,-0.146975
0.084990,-0.095368,-0.139051
0.094108,-0.090490,-0.124668
0.103125,0.002571,-0.088614
0.115461,0.012005,-0.097896
0.139286,0.006632,-0.110615
0.149430,0.009622,-0.103340
0.152105,0.030133,-0.119313
0.129429,0.022607,-0.084621
0.166797,0.019975,-0.109064
0.134146,0.036790,-0.083099
0.106511,0.009582,-0.110985
0.138147,0.029272,-0.070514
0.079640,0.020718,-0.085006
0.110748,0.020400,-0.115463
0.118986,0.029219,-0.078726
0.108302,0.045274,-0.072040
0.101356,0.042810,-0.074408
0.130303,0.013562,-0.092165
0.242826,0.069663,-0.195723
0.218357,0.039264,-0.226389
0.217452,0.032655,-0.300193
0.226896,0.060204,-0.233354
0.240784,-0.065668,-0.318085
0.207597,0.033982,-0.213160
0.278401,0.050881,-0.203020
0.260449,0.044530,-0.146611
0.226065,0.057524,-0.236021
0.207909,0.035010,-0.209072
0.236701,0.056527,-0.210709
0.232449,0.036865,-0.274420
0.237838,0.042299,-0.217699
0.228676,0.039003,-0.127195
0.206573,0.087681,-0.233388
0.237072,0.055826,-0.216898
-0.939015,0.028186,0.190562
-0.449327,0.382145,-0.119265
-0.501534,0.138556,-0.058258
-0.170949,0.467445,-0.068530
-0.611201,-0.292713,-0.019640
-0.106448,0.301913,0.102695
-0.149918,0.228040,0.041135
-0.298851,0.264221,0.266528
-0.649926,0.141538,-0.170503
-0.290463,0.311612,0.153850
-0.816147,0.265132,0.275123
-0.288455,0.157934,-0.195185
-0.642166,-0.021911,0.179569
-0.898461,-0.432911,0.359938
-0.978824,0.345642,0.142815
-0.588234,0.277833,-0.010286
-0.058650,0.040921,-0.102713
-0.072706,0.087963,-0.117606
-0.066966,0.051945,-0.139267
-0.068894,0.059119,-0.114718
-0.084178,0.050483,-0.113965
-0.085902,0.048147,-0.104997
-0.069949,0.046324,-0.111495
-0.085489,0.042532,-0.118550
-0.059076,0.043551,-0.113201
-0.070665,0.043547,-0.118870
-0.046596,0.040724,-0.108344
-0.063153,0.040653,-0.116022
-0.060322,0.039484,-0.092577
-0.055118,0.042193,-0.112583
-0.055418,0.029203,-0.130420
-0.058242,0.045285,-0.103729
0.169839,0.013164,0.102542
0.185539,0.023050,0.083042
0.164794,-0.006073,0.096302
0.180327,0.013147,0.077359
0.192115,-0.033876,0.091885
0.170425,0.003799,0.098358
0.185912,-0.008253,0.091310
0.194704,-0.014904,0.125393
0.178438,0.006123,0.118503
0.185402,-0.003574,0.101492
0.166706,-0.005749,0.066390
0.199773,-0.001973,0.077814
0.179101,-0.007710,0.080052
0.185033,-0.014004,0.088206
0.162135,-0.003918,0.091491
0.189626,-0.017469,0.084072
0.170907,0.020575,0.019475
0.192327,0.031438,0.010135
0.175245,-0.023909,-0.002179
0.155541,-0.039556,-0.004340
0.188575,-0.004089,-0.014248
0.194036,-0.026478,0.073224
0.253176,-0.023145,0.025359
0.186473,-0.017797,0.112542
0.166663,0.003646,0.033116
0.211715,-0.050405,0.030474
0.172453,-0.056095,0.038738
0.174900,-0.002040,-0.043100
0.166466,-0.005305,0.010137
0.162404,0.022248,0.050862
0.158285,-0.044468,0.001462
0.178793,-0.004283,0.030793
-0.045061,-0.034762,-0.095408
-0.041798,-0.028498,-0.099132
-0.053235,-0.030948,-0.099728
-0.050837,-0.031072,-0.087638
-0.049581,-0.032542,-0.100243
-0.046331,-0.032360,-0.103008
-0.045642,-0.030607,-0.094209
-0.047082,-0.027428,-0.102402
-0.041541,-0.038681,-0.099954
-0.044887,-0.038831,-0.101765
-0.043882,-0.027454,-0.093777
-0.047672,-0.033602,-0.100150
-0.044590,-0.022284,-0.103212
-0.046383,-0.027116,-0.111543
-0.040803,-0.042603,-0.099178
-0.040488,-0.033176,-0.105592
-0.257263,0.045798,-0.150761
-0.240837,0.055449,-0.157557
-0.250902,0.039305,-0.144636
-0.244751,0.043455,-0.147493
-0.249811,0.042245,-0.151767
-0.256087,0.036242,-0.135674
-0.239540,0.045624,-0.141422
-0.261399,0.047493,-0.137647
-0.259699,0.044135,-0.144867
-0.243908,0.035517,-0.145402
-0.241825,0.042046,-0.142234
-0.242074,0.030289,-0.147745
-0.246876,0.043445,-0.150553
-0.251489,0.052689,-0.140018
-0.254167,0.037289,-0.149362
-0.240284,0.045233,-0.151929
0.497828,-0.171147,0.249682
0.509824,-0.177047,0.250305
0.501803,-0.174568,0.253861
0.505484,-0.171206,0.261901
0.501617,-0.169759,0.252820
0.507284,-0.182250,0.252948
0.495054,-0.170945,0.253224
0.510869,-0.171686,0.249867
0.505896,-0.179617,0.245282
0.500841,-0.171756,0.253290
0.498607,-0.167755,0.257771
0.502198,-0.182439,0.253183
0.501809,-0.160125,0.248144
0.500432,-0.165430,0.235272
0.512078,-0.173292,0.261067
0.513484,-0.173752,0.250192
0.407894,0.072479,0.312007
0.419622,0.044303,0.321823
0.429590,0.083786,0.359166
0.439859,0.063187,0.346568
0.377564,0.092265,0.340212
0.436137,0.087527,0.350528
0.401503,0.043396,0.309665
0.405612,0.062921,0.334266
0.403265,0.063196,0.318940
0.419179,0.072088,0.347023
0.420333,0.095736,0.345920
0.443853,0.070361,0.316932
0.412980,0.099422,0.338159
0.400509,0.120090,0.361616
0.407667,0.080671,0.337724
0.429444,0.068254,0.320359
-0.001009,-0.114058,0.081327
-0.008601,-0.114447,0.082215
0.000993,-0.126990,0.086133
-0.024720,-0.118553,0.078482
-0.041093,-0.132551,0.082223
-0.012448,-0.106381,0.089462
-0.017414,-0.134848,0.082906
-0.008107,-0.131501,0.093651
0.000603,-0.111628,0.110435
-0.029373,-0.119350,0.093508
-0.009122,-0.116361,0.079962
0.003916,-0.129504,0.099832
-0.010866,-0.172035,0.110478
-0.013459,-0.133749,0.069900
-0.027962,-0.149721,0.075783
-0.006119,-0.140653,0.079201
-0.063023,-0.004150,0.013173
-0.030251,0.034963,-0.030376
-0.015363,-0.039486,-0.076034
-0.069351,-0.036506,-0.023853
0.058932,-0.095714,-0.057745
-0.077629,-0.039697,-0.052186
-0.001219,-0.018346,-0.005387
-0.062212,-0.030159,-0.044444
-0.025761,-0.063107,0.025375
-0.059869,-0.020461,-0.049906
-0.001802,-0.006865,-0.039362
-0.024880,-0.030596,0.000412
-0.024534,-0.017878,-0.038596
-0.016440,-0.085242,-0.041486
-0.035606,-0.007279,-0.016722
-0.035369,-0.005884,-0.061863
-0.260064,-0.638056,-0.142661
0.022513,-0.272044,-0.264088
0.116322,-0.777090,-0.296969
0.279124,-0.454458,-0.274981
0.262760,-1.350248,-0.567114
0.170007,-0.457309,-0.059545
0.312379,-0.558370,-0.203258
0.031633,-0.684559,0.215541
-0.384641,-0.629423,-0.200368
0.023546,-0.766718,0.056604
-0.358866,-0.752861,0.003808
0.062120,-0.658860,-0.488728
-0.159106,-1.339702,-0.057846
-0.083538,-0.764613,0.187611
-0.279171,-0.499908,-0.086273
-0.055016,-0.504712,0.091359
-0.183018,-0.226349,0.099725
-0.149909,-0.037055,0.019556
-0.056252,-0.248112,0.155409
0.004758,-0.112701,0.033799
-0.070269,-0.501906,0.187535
0.120589,-0.138360,0.167370
0.051311,-0.170872,0.078650
0.034215,-0.180178,0.238625
-0.274911,-0.196681,-0.122999
-0.028375,-0.321148,0.260585
-0.299764,-0.382117,0.187415
-0.076438,-0.186524,0.002193
-0.197407,-0.550644,0.376916
-0.197899,-0.333382,0.349431
-0.380966,-0.205170,0.071436
-0.077008,-0.141475,0.149186
-0.204751,0.087636,0.157455
-0.195100,0.055650,0.155384
-0.209650,0.049778,0.185521
-0.193160,0.055650,0.186180
-0.194633,0.077120,0.172278
-0.193889,0.053329,0.156639
-0.183545,0.075147,0.178480
-0.170803,0.068005,0.191507
-0.214936,0.066092,0.169384
-0.184157,0.070791,0.165188
-0.212856,0.088700,0.154450
-0.187444,0.056799,0.182070
-0.190009,0.072650,0.167331
-0.181183,0.089329,0.142496
-0.179259,0.055994,0.192756
-0.191440,0.070043,0.161996
-0.109664,-0.041286,0.085910
-0.080928,-0.020888,0.061791
-0.084078,-0.060456,0.039264
-0.054774,-0.037213,0.045883
-0.031012,-0.056516,0.041316
-0.117672,-0.066806,0.057264
-0.074095,-0.087426,0.009542
-0.086716,-0.058332,0.064591
-0.083180,-0.065548,0.046402
-0.056793,-0.076338,0.025831
-0.089818,-0.064915,0.060606
-0.085525,-0.060978,0.013961
-0.081313,-0.032328,0.033739
-0.064967,-0.056013,0.069406
-0.073870,-0.028225,0.057596
-0.086582,-0.049919,0.052137
-0.011147,-0.063021,-0.069193
-0.009969,-0.072074,-0.069361
-0.016370,-0.063488,-0.069558
-0.035837,-0.059144,-0.066560
-0.006291,-0.080358,-0.052867
-0.028788,-0.064406,-0.062515
-0.020481,-0.067774,-0.056073
-0.032208,-0.061466,-0.073227
-0.017496,-0.061807,-0.063865
-0.028038,-0.064697,-0.065471
-0.013729,-0.057914,-0.048608
-0.008320,-0.073999,-0.068829
-0.029680,-0.067677,-0.067017
-0.018103,-0.060994,-0.071749
-0.011891,-0.062549,-0.066483
-0.004806,-0.058541,-0.069903
-0.035775,-0.030113,-0.110920
-0.045339,-0.030125,-0.100570
-0.041216,-0.025873,-0.127416
-0.042626,-0.024937,-0.099381
-0.036692,-0.029360,-0.110161
-0.044721,-0.026243,-0.122043
-0.028833,-0.032809,-0.114993
-0.032701,-0.030421,-0.113349
-0.041784,-0.024163,-0.131626
-0.031955,-0.033136,-0.109886
-0.046866,-0.024976,-0.119627
-0.061334,-0.021691,-0.108131
-0.053185,-0.028291,-0.109328
-0.062861,-0.029887,-0.109670
-0.044500,-0.026774,-0.118359
-0.043824,-0.014701,-0.111742
-0.114772,-0.247774,0.309614
-0.097788,-0.245956,0.324697
-0.097721,-0.242218,0.293329
-0.056910,-0.230114,0.312800
-0.040962,-0.239374,0.312298
-0.088454,-0.284564,0.285353
-0.083990,-0.253934,0.314883
-0.049615,-0.283397,0.298601
-0.095459,-0.257194,0.294326
-0.075988,-0.268617,0.294597
-0.112116,-0.198103,0.302633
-0.089695,-0.259858,0.333017
-0.066587,-0.241570,0.324690
-0.069926,-0.207219,0.284087
-0.076114,-0.253910,0.329857
-0.062770,-0.253972,0.320025
-0.014352,-0.082448,-0.070429
-0.007695,-0.096741,-0.044634
-0.013298,-0.088794,-0.029025
-0.038943,-0.095128,-0.053103
-0.036413,-0.075351,-0.048766
-0.021083,-0.066239,-0.031010
0.013423,-0.103169,-0.037182
-0.023616,-0.102937,-0.013897
-0.036215,-0.082685,-0.002902
-0.030981,-0.097783,-0.031496
-0.020268,-0.057728,-0.003149
-0.014581,-0.096705,-0.039431
-0.007046,-0.082730,-0.034123
-0.006957,-0.077130,-0.007955
-0.010894,-0.094501,-0.015374
0.001038,-0.099423,0.012472
-0.215753,0.006086,0.083347
-0.203979,0.035360,0.091556
-0.178085,0.011875,0.071416
-0.183351,0.006031,0.044437
-0.145407,0.029627,0.044808
-0.212227,0.036628,0.085525
-0.154098,-0.039300,0.045778
-0.214355,0.031256,0.149969
-0.258250,0.013801,0.066707
-0.200060,-0.011363,0.137718
-0.209533,0.032495,0.115754
-0.190537,-0.005592,0.034463
-0.211839,0.046618,0.087127
-0.225512,0.055704,0.156113
-0.200459,0.032390,0.064669
-0.213043,0.021147,0.155481
-0.084724,0.027794,-0.067410
-0.066667,0.022564,-0.074300
-0.076325,0.016442,-0.065634
-0.074836,0.020164,-0.065352
-0.076065,0.024009,-0.063841
-0.070293,0.022084,-0.081950
-0.088352,0.009800,-0.080561
-0.075678,0.016608,-0.066624
-0.072670,0.007782,-0.076824
-0.066750,0.012552,-0.072843
-0.071310,0.038071,-0.070241
-0.065105,0.022524,-0.085622
-0.084360,0.031353,-0.074849
-0.075045,0.032766,-0.074813
-0.069973,0.013222,-0.069950
-0.059099,0.023996,-0.074627
0.133115,0.118584,0.138053
0.130702,0.148441,0.101698
0.129268,0.098592,0.149863
0.133196,0.117706,0.150910
0.096761,0.092427,0.139474
0.112452,0.107808,0.154383
0.129370,0.097425,0.114049
0.117030,0.112455,0.139340
0.093185,0.102259,0.141549
0.139628,0.090173,0.132441
0.128546,0.103421,0.135736
0.129977,0.110358,0.148787
0.142217,0.104295,0.123812
0.140743,0.122520,0.101721
0.135339,0.144105,0.121844
0.126194,0.137695,0.142908
0.007096,0.078143,-0.165060
0.015462,0.066064,-0.168701
0.012541,0.008770,-0.131784
0.012107,0.036374,-0.141581
0.068943,0.049788,-0.149664
0.031508,0.046007,-0.130610
0.148713,0.187538,-0.078603
0.089562,0.024371,-0.105223
-0.022025,0.029077,-0.155975
0.062425,0.039335,-0.187529
-0.023952,0.031108,-0.136621
-0.008130,0.047054,-0.150005
0.027056,0.040629,-0.137875
0.037754,0.032464,-0.099195
0.003264,0.043374,-0.116826
0.051631,0.052484,-0.132858
-0.035245,-0.054001,-0.013699
-0.057389,-0.043398,-0.029303
-0.033859,-0.068633,-0.047303
-0.031885,-0.065220,-0.030847
-0.041164,-0.079437,-0.041764
-0.037669,-0.054468,-0.024630
-0.009176,-0.048999,-0.031478
-0.036905,-0.058142,-0.004109
-0.037169,-0.059682,-0.015086
-0.044419,-0.055509,-0.009686
-0.035723,-0.072842,-0.018250
-0.043805,-0.065362,-0.028358
-0.032181,-0.069457,-0.020535
-0.072598,-0.070757,0.007333
-0.057541,-0.046290,-0.024791
-0.049390,-0.064964,-0.022401
-0.042480,0.007155,-0.079187
-0.055838,0.007988,-0.081155
-0.050556,0.008041,-0.096396
-0.054960,0.009573,-0.082651
-0.049615,0.007985,-0.093843
-0.049410,0.010973,-0.080011
-0.052243,0.005969,-0.077249
-0.056622,0.008479,-0.092666
-0.054990,0.011505,-0.081218
-0.057845,0.005726,-0.083070
-0.045985,0.010852,-0.079881
-0.048769,0.010381,-0.088682
-0.051464,0.009982,-0.081343
-0.044390,0.013203,-0.078221
-0.052069,0.014858,-0.089588
-0.039307,0.014066,-0.080775
-0.249859,0.043413,-0.225717
-0.255698,0.046787,-0.214420
-0.248349,0.044062,-0.236615
-0.236867,0.051548,-0.236328
-0.222483,0.037283,-0.237263
-0.254043,0.036375,-0.227061
-0.227512,0.040798,-0.222542
-0.233610,0.054010,-0.224309
-0.241642,0.039435,-0.219297
-0.249996,0.054475,-0.219436
-0.248047,0.057365,-0.225443
-0.241507,0.048702,-0.237441
-0.247385,0.045795,-0.220792
-0.246442,0.057151,-0.229383
-0.245018,0.046547,-0.228071
-0.237973,0.032668,-0.234761
-0.144356,0.025944,-0.168318
-0.148349,0.023879,-0.167385
-0.150684,0.020637,-0.175541
-0.151973,0.039314,-0.173327
-0.141255,0.014665,-0.165538
-0.148922,0.020007,-0.179862
-0.149395,0.032877,-0.169118
-0.139078,0.014791,-0.185733
-0.136167,0.023541,-0.179894
-0.151002,0.022756,-0.175579
-0.142402,0.015165,-0.176220
-0.150063,0.028544,-0.174886
-0.146204,0.016076,-0.170574
-0.153933,0.022033,-0.188097
-0.145549,0.020862,-0.180835
-0.141016,0.018159,-0.175685
-0.047155,-0.099560,-0.094726
-0.039035,-0.103372,-0.097551
-0.040430,-0.100393,-0.080150
-0.053008,-0.107218,-0.084584
-0.058182,-0.086120,-0.072558
-0.053868,-0.099328,-0.086868
-0.050367,-0.096705,-0.079386
-0.062238,-0.086878,-0.092217
-0.049184,-0.097606,-0.088343
-0.056227,-0.092352,-0.085776
-0.044817,-0.085348,-0.073748
-0.039357,-0.100941,-0.082256
-0.050297,-0.089576,-0.078417
-0.040943,-0.088826,-0.098060
-0.040319,-0.099827,-0.082304
-0.033271,-0.097920,-0.089591
0.009121,0.002105,0.128174
0.098323,0.094476,0.064268
0.097545,0.006420,-0.013877
0.144964,0.039296,0.080468
0.117213,-0.096309,0.024358
0.080174,-0.050871,0.111675
0.071141,-0.027132,0.029396
0.019252,-0.064003,0.143443
0.067286,0.036726,0.062652
0.091075,-0.021984,0.093853
0.054028,-0.031847,0.139808
0.114828,0.019798,-0.038563
0.070090,-0.027603,0.079642
-0.005406,0.000841,0.200681
0.004221,0.077327,0.068820
0.054177,0.074917,0.114853
-0.019230,0.096178,-0.179999
-0.049650,0.100571,-0.171929
-0.071311,0.095433,-0.178911
-0.085081,0.101979,-0.159145
-0.063429,0.101299,-0.182647
-0.071032,0.095550,-0.205300
-0.086183,0.058872,-0.186591
-0.036812,0.087533,-0.201914
-0.055506,0.071382,-0.197449
-0.062110,0.078572,-0.196050
-0.065696,0.117922,-0.186151
-0.079129,0.106482,-0.167261
-0.049322,0.112498,-0.200240
-0.065431,0.080139,-0.201295
-0.048021,0.101003,-0.219033
-0.054391,0.134633,-0.176786
-1.331880,0.617287,-0.578099
-1.140871,1.383577,-0.949087
-1.133048,0.481348,-0.476612
-0.897057,0.889615,-0.753480
-1.039073,0.255597,-0.603384
-0.770379,0.874898,-0.423768
-0.908328,0.489766,-0.627931
-1.000032,0.630086,-0.344113
-1.464388,0.610037,-0.741411
-0.943013,0.550355,-0.317995
-1.493270,0.484348,-0.454968
-1.013618,0.778418,-0.793034
-1.263647,0.389845,-0.371981
-1.166220,0.590550,-0.311933
-1.417362,0.968012,-0.491068
-1.130561,0.874927,-0.510232
-0.403326,0.018182,-0.207376
-0.387432,0.073459,-0.273793
-0.371677,0.011358,-0.257227
-0.393710,0.037569,-0.264325
-0.346310,-0.001517,-0.308296
-0.375791,0.024825,-0.257248
-0.245420,0.004262,-0.230934
-0.349028,-0.004561,-0.137544
-0.442983,0.045160,-0.260188
-0.370632,0.000318,-0.201791
-0.395805,-0.003350,-0.227821
-0.407187,0.046717,-0.295145
-0.430000,0.029561,-0.192778
-0.348366,0.075226,-0.126007
-0.398890,0.048345,-0.258824
-0.388809,0.045016,-0.224393
0.005129,-0.067759,-0.155447
-0.000535,-0.073846,-0.150922
-0.004281,-0.061914,-0.157059
0.000188,-0.071504,-0.156470
0.006397,-0.069412,-0.160120
0.001854,-0.066202,-0.159674
0.002934,-0.064950,-0.153728
0.007604,-0.061860,-0.150386
0.001072,-0.059914,-0.154688
-0.004804,-0.061494,-0.145312
0.002221,-0.055613,-0.155759
0.001391,-0.057420,-0.161622
-0.005297,-0.061349,-0.159417
0.003684,-0.057648,-0.161431
-0.000047,-0.066806,-0.148750
0.007337,-0.061089,-0.154811
0.180064,0.028469,-0.156192
0.160158,0.031576,-0.158091
0.161623,0.029893,-0.173247
0.168131,0.029453,-0.171399
0.181508,0.002215,-0.170959
0.166990,0.011029,-0.163087
0.185618,0.028132,-0.157389
0.186721,0.013679,-0.154619
0.168674,0.029299,-0.158659
0.167138,0.018886,-0.162009
0.172895,0.004846,-0.181871
0.169134,0.013282,-0.158467
0.177304,-0.002704,-0.161621
0.147423,0.003951,-0.157322
0.155587,0.009182,-0.174653
0.177379,0.016456,-0.175877
-0.002989,-0.003048,-0.096572
-0.001673,-0.002186,-0.102669
-0.004906,0.002746,-0.093644
-0.006486,0.001381,-0.094671
-0.020130,0.002724,-0.084237
-0.006027,0.009462,-0.094587
-0.017060,-0.001778,-0.101793
-0.019697,0.000591,-0.090889
-0.009203,0.001848,-0.100344
-0.004469,-0.005127,-0.091533
-0.005881,0.010898,-0.095231
-0.001196,0.001985,-0.103851
0.000388,0.004199,-0.098996
-0.006489,0.003914,-0.097143
-0.005202,0.002500,-0.098824
-0.002944,0.001736,-0.098840
-0.051235,-0.080750,-0.045994
-0.027313,-0.057065,-0.057961
-0.054819,-0.098085,-0.066296
-0.028106,-0.060791,-0.048928
-0.019157,-0.112311,-0.064669
-0.038461,-0.077442,-0.070952
-0.027163,-0.063263,-0.029435
-0.027406,-0.076373,-0.075913
-0.010042,-0.066696,-0.052946
-0.023715,-0.080170,-0.072132
-0.029925,-0.062506,-0.066305
-0.043686,-0.057766,-0.053186
-0.021442,-0.058425,-0.042765
-0.022314,-0.077081,-0.096547
-0.013491,-0.069611,-0.049166
-0.041540,-0.054018,-0.033963
-0.044512,-0.054734,-0.097040
-0.018255,-0.046512,-0.099857
-0.029011,-0.058347,-0.086592
-0.040598,-0.054627,-0.081320
-0.040441,-0.050130,-0.077547
-0.035367,-0.050771,-0.091465
-0.037891,-0.057858,-0.090371
-0.037757,-0.063461,-0.101532
-0.036463,-0.060160,-0.096338
-0.028380,-0.056512,-0.082771
-0.038518,-0.045685,-0.077747
-0.033196,-0.051838,-0.099603
-0.031075,-0.044811,-0.095448
-0.025147,-0.049153,-0.100223
-0.026102,-0.056714,-0.090390
-0.015734,-0.056966,-0.094613
-0.048669,-0.071279,-0.096383
-0.045388,-0.056922,-0.097071
-0.042230,-0.082322,-0.076036
-0.042736,-0.061896,-0.076653
-0.053861,-0.070688,-0.073475
-0.036054,-0.068309,-0.082655
-0.042619,-0.071837,-0.091147
-0.048572,-0.079178,-0.077615
-0.046062,-0.071214,-0.098961
-0.038535,-0.077936,-0.073057
-0.047545,-0.062053,-0.075790
-0.047621,-0.064272,-0.088032
-0.048101,-0.065053,-0.074902
-0.051371,-0.055830,-0.086301
-0.034719,-0.066963,-0.080168
-0.025096,-0.064658,-0.073607
-0.060208,-0.060465,-0.072285
-0.063914,-0.052227,-0.121211
-0.025249,-0.056251,-0.091185
-0.078187,-0.030327,-0.123929
-0.095159,-0.081756,-0.119102
-0.059478,-0.036517,-0.103934
-0.077291,-0.079492,-0.117369
-0.053890,-0.049545,-0.049340
-0.087425,-0.048568,-0.106425
-0.063454,-0.047102,-0.096054
-0.031692,-0.033902,-0.100474
-0.064482,-0.031807,-0.132045
-0.070646,-0.050041,-0.109498
-0.083197,-0.091867,0.001310
-0.055232,-0.021176,-0.117767
-0.077486,-0.043092,-0.106150
0.314559,0.282934,0.678349
0.325760,0.295325,0.687458
0.323883,0.275425,0.697754
0.331350,0.304206,0.692031
0.341763,0.285331,0.660819
0.350074,0.289895,0.677997
0.362666,0.276861,0.645006
0.386219,0.267667,0.676769
0.341303,0.287454,0.656874
0.321224,0.278302,0.665077
0.289980,0.271564,0.664930
0.308500,0.271619,0.688628
0.317106,0.307742,0.670457
0.293835,0.345654,0.658137
0.339014,0.340624,0.653046
0.317258,0.311204,0.660585
-0.027639,0.007610,-0.125441
-0.019311,0.011622,-0.144397
-0.019001,-0.021491,-0.121016
-0.041779,-0.008217,-0.114552
-0.024716,0.001792,-0.115248
-0.051889,-0.008932,-0.144883
-0.047039,-0.016958,-0.129993
-0.022637,-0.030596,-0.126121
-0.040017,-0.007389,-0.123420
-0.027451,-0.008990,-0.126632
-0.025690,-0.001880,-0.122826
-0.032354,-0.006155,-0.136366
-0.021829,0.007240,-0.145949
-0.017694,-0.015460,-0.154218
-0.004874,0.014940,-0.133594
-0.018983,0.026455,-0.127566
-0.027384,0.001413,-0.110205
-0.018047,0.005159,-0.119074
-0.023356,0.007698,-0.108619
-0.023456,0.001974,-0.102226
-0.030986,0.012196,-0.113395
-0.015896,0.008551,-0.114498
-0.023098,0.005857,-0.108500
-0.034727,0.000394,-0.111100
-0.023860,0.007169,-0.111378
-0.028661,-0.002334,-0.114169
-0.018964,0.023556,-0.096175
-0.013563,0.005913,-0.119118
-0.022409,0.018396,-0.109547
-0.004808,0.026411,-0.123201
-0.011025,0.012596,-0.106532
-0.006287,0.013450,-0.101343
0.021040,-0.005821,-0.100975
0.020556,-0.006109,-0.094043
0.023714,0.000670,-0.094442
0.011065,-0.014337,-0.093704
0.007292,0.014675,-0.079304
0.012971,0.010032,-0.087183
0.013639,-0.011975,-0.094433
0.001779,0.000797,-0.104704
0.007967,-0.002506,-0.085014
0.015867,-0.011620,-0.092772
0.025093,0.013123,-0.076122
0.017022,-0.002409,-0.090478
0.004513,0.006018,-0.086141
0.007989,0.000205,-0.088473
0.018028,0.001278,-0.094019
0.029633,0.007498,-0.086181
-0.150848,0.032039,-0.158769
-0.133190,0.018178,-0.148312
-0.152294,0.034937,-0.120999
-0.141801,0.019922,-0.124296
-0.121603,0.051433,-0.141188
-0.141140,0.035190,-0.158407
-0.142502,0.023680,-0.142901
-0.126073,0.023667,-0.148500
-0.159159,0.028128,-0.151142
-0.146008,0.036980,-0.138589
-0.164832,0.060802,-0.118031
-0.144435,0.036983,-0.146315
-0.150175,0.052245,-0.165340
-0.140595,0.063141,-0.153503
-0.127998,0.037528,-0.137357
-0.135171,0.046102,-0.145073
-0.103658,-0.021328,-0.069957
-0.104831,-0.016867,-0.089682
-0.091301,-0.060578,-0.100978
-0.094225,-0.026864,-0.098129
-0.076447,-0.062864,-0.079582
-0.111505,-0.019308,-0.086275
-0.110868,-0.048523,-0.080008
-0.117658,-0.038014,-0.110579
-0.081967,-0.028078,-0.063923
-0.087848,-0.060320,-0.075178
-0.078210,-0.018431,-0.090590
-0.095224,-0.021728,-0.091186
-0.098439,-0.046706,-0.090087
-0.098763,-0.052710,-0.081210
-0.089858,-0.025391,-0.109685
-0.077447,-0.031709,-0.095256
-0.101526,-0.024815,-0.125854
-0.107078,-0.010528,-0.125768
-0.109446,-0.016065,-0.120271
-0.104139,-0.015758,-0.122927
-0.115072,-0.014771,-0.112624
-0.100315,-0.024008,-0.118043
-0.098181,-0.022053,-0.117530
-0.113911,-0.022440,-0.127908
-0.106022,-0.017783,-0.116717
-0.104137,-0.014677,-0.119398
-0.101312,-0.018137,-0.119348
-0.107552,-0.016512,-0.118717
-0.092902,-0.030722,-0.117962
-0.099029,-0.020466,-0.123792
-0.105755,-0.017990,-0.117030
-0.101460,-0.013186,-0.116576
-0.315169,-0.023666,-0.033880
-0.276169,0.191195,-0.016671
-0.214137,0.065571,-0.073832
-0.173093,0.088872,-0.069985
-0.182219,-0.016042,-0.057929
-0.220958,0.072415,-0.017126
-0.182707,-0.019967,-0.060323
-0.213224,0.017924,0.004696
-0.300399,0.065996,-0.140956
-0.226718,0.036296,-0.007921
-0.296923,-0.020118,-0.023468
-0.260053,0.084153,-0.100815
-0.255497,-0.010904,0.007735
-0.290839,0.104385,0.129849
-0.249948,0.104891,-0.011727
-0.241827,0.058931,0.021137
-0.022975,0.026641,-0.175046
-0.031924,0.038640,-0.181240
-0.021686,0.030092,-0.194377
-0.035939,0.032359,-0.176647
-0.022142,0.032799,-0.185560
-0.035178,0.025963,-0.181072
-0.033005,0.026665,-0.181944
-0.019227,0.024894,-0.186538
-0.027164,0.026971,-0.184127
-0.029114,0.038633,-0.176100
-0.038334,0.025816,-0.190128
-0.034519,0.034087,-0.183823
-0.027248,0.029129,-0.186361
-0.025401,0.029874,-0.191337
-0.030237,0.029151,-0.191018
-0.027284,0.040858,-0.182554
-0.082443,0.014516,-0.188541
-0.088006,0.002135,-0.179926
-0.085429,0.012620,-0.190444
-0.089295,0.008615,-0.186048
-0.081977,0.013630,-0.178864
-0.090998,0.005921,-0.190223
-0.086966,0.007653,-0.192026
-0.085838,0.005638,-0.189339
-0.090268,0.007855,-0.193706
-0.087640,0.012097,-0.189536
-0.084906,0.008683,-0.185902
-0.079815,0.011327,-0.194151
-0.092132,0.001977,-0.187548
-0.089056,0.009900,-0.200018
-0.090313,0.003013,-0.190454
-0.076008,0.007055,-0.184448
-0.066760,0.038509,-0.169636
-0.058280,0.034449,-0.171578
-0.057085,0.040777,-0.177056
-0.054365,0.034183,-0.164032
-0.055566,0.040731,-0.172868
-0.059800,0.039730,-0.173477
-0.064539,0.041516,-0.169533
-0.054742,0.036460,-0.172272
-0.067111,0.041695,-0.179458
-0.065524,0.043893,-0.166007
-0.073444,0.051052,-0.166813
-0.056972,0.047621,-0.174962
-0.065306,0.056020,-0.175057
-0.065007,0.055241,-0.170344
-0.052302,0.048726,-0.166154
-0.051048,0.042656,-0.168299
-0.077046,0.032634,-0.157845
-0.059240,0.034721,-0.161252
-0.075954,0.022548,-0.161379
-0.067908,0.030191,-0.141729
-0.077955,0.033337,-0.154016
-0.076976,0.050171,-0.162534
-0.070066,0.024960,-0.158831
-0.082872,0.030295,-0.160555
-0.056774,0.029731,-0.148330
-0.063830,0.020874,-0.154004
-0.075263,0.043085,-0.142738
-0.073035,0.038084,-0.163994
-0.068977,0.046588,-0.154093
-0.058019,0.035352,-0.166406
-0.061810,0.038572,-0.158857
-0.062088,0.039776,-0.150077
-0.043674,-0.043304,-0.073834
-0.043710,-0.028613,-0.075018
-0.041935,-0.041324,-0.078532
-0.051732,-0.036981,-0.077345
-0.050286,-0.037800,-0.075454
-0.049289,-0.041938,-0.072600
-0.040114,-0.037471,-0.071790
-0.041822,-0.037329,-0.080632
-0.049612,-0.036858,-0.074080
-0.049513,-0.033641,-0.080022
-0.041954,-0.043275,-0.077847
-0.041755,-0.035691,-0.078104
-0.043969,-0.045630,-0.073851
-0.034707,-0.037827,-0.082881
-0.044099,-0.033107,-0.078347
-0.047979,-0.033618,-0.075609
-0.044602,0.001591,-0.126595
-0.054843,0.013535,-0.140288
-0.062350,0.003286,-0.130601
-0.051414,0.010376,-0.125435
-0.046556,0.003947,-0.133319
-0.043119,0.001150,-0.128371
-0.049160,0.011235,-0.107027
-0.043529,0.007290,-0.141261
-0.054080,0.007234,-0.114623
-0.048354,0.000830,-0.126496
-0.065135,0.000044,-0.140116
-0.047493,0.006298,-0.120451
-0.042092,-0.000952,-0.124070
-0.054940,0.011937,-0.155131
-0.060419,0.001876,-0.130964
-0.044662,0.009840,-0.131908
-0.080806,-0.016081,-0.097344
-0.050259,-0.014821,-0.085457
-0.059081,-0.009129,-0.095189
-0.048750,0.006138,-0.084757
-0.061331,-0.042383,-0.093946
-0.052360,-0.018164,-0.063373
-0.047413,-0.009141,-0.080886
-0.040077,0.000688,-0.065538
-0.056084,-0.015893,-0.088545
-0.067183,-0.009424,-0.087462
-0.068261,0.005623,-0.061488
-0.059008,-0.000700,-0.094499
-0.066576,-0.007849,-0.074762
-0.058660,-0.038983,-0.048688
-0.079499,0.002029,-0.080526
-0.063604,-0.005648,-0.081106
-0.026774,-0.016283,-0.084739
-0.037344,-0.001740,-0.096823
-0.036203,-0.007694,-0.096654
-0.039681,-0.014592,-0.079528
-0.039420,0.001251,-0.098893
-0.033562,-0.010164,-0.092626
-0.025642,-0.021547,-0.083629
-0.035234,-0.007888,-0.094472
-0.042566,-0.010990,-0.082771
-0.035999,-0.011482,-0.088151
-0.052022,-0.015309,-0.085537
-0.046675,0.001109,-0.088931
-0.027725,0.001562,-0.094499
-0.038364,0.004555,-0.093755
-0.037356,0.002034,-0.091036
-0.041470,0.000030,-0.092800
0.004476,-0.044782,-0.084203
0.008366,-0.048865,-0.087509
0.007971,-0.070009,-0.088153
0.025298,-0.069477,-0.082544
0.057948,-0.066304,-0.088863
0.041652,-0.059863,-0.091115
0.084322,-0.041321,-0.065304
0.040287,-0.050483,-0.086941
0.007122,-0.058007,-0.085104
0.030771,-0.060549,-0.073765
0.011182,-0.033796,-0.078842
0.018564,-0.069796,-0.081035
0.021786,-0.055048,-0.075638
0.024839,-0.053937,-0.100406
0.009072,-0.058253,-0.065988
0.040827,-0.057122,-0.092000
0.003392,-0.058360,-0.085367
0.010255,-0.065048,-0.087114
0.011068,-0.065623,-0.091906
0.010550,-0.068940,-0.087015
0.017639,-0.073433,-0.083687
0.005565,-0.067357,-0.089800
0.019114,-0.057134,-0.083294
0.011034,-0.067794,-0.087299
0.014808,-0.064508,-0.086882
0.005061,-0.072387,-0.098979
0.014435,-0.066554,-0.080266
0.010156,-0.074263,-0.088935
0.007864,-0.056734,-0.087423
-0.000958,-0.068414,-0.087433
0.006939,-0.065463,-0.093194
0.013272,-0.065053,-0.097314
-0.085784,-0.031235,-0.089699
-0.074473,-0.039750,-0.094070
-0.075823,-0.035025,-0.087964
-0.070944,-0.030748,-0.088715
-0.078170,-0.037306,-0.084625
-0.074833,-0.039880,-0.085620
-0.073614,-0.027993,-0.082440
-0.079031,-0.030243,-0.088875
-0.083992,-0.029739,-0.090407
-0.082945,-0.029483,-0.086081
-0.083736,-0.034198,-0.085985
-0.069816,-0.033921,-0.091474
-0.075950,-0.028324,-0.089066
-0.085018,-0.031899,-0.087173
-0.079477,-0.034154,-0.082319
-0.072196,-0.036268,-0.097446
-0.107113,0.012436,-0.139819
-0.108642,0.027122,-0.138665
-0.109914,0.023090,-0.142581
-0.106776,0.020345,-0.133848
-0.110015,0.023294,-0.133325
-0.105950,0.017884,-0.148837
-0.112217,0.011729,-0.140784
-0.105464,0.008674,-0.142720
-0.109369,0.016970,-0.141282
-0.107227,0.011911,-0.140156
-0.108007,0.029702,-0.144220
-0.114043,0.023772,-0.144214
-0.108821,0.020766,-0.143766
-0.100328,0.022365,-0.153378
-0.096371,0.022079,-0.140245
-0.096759,0.024886,-0.133962
0.023710,0.016827,-0.110477
0.015621,0.028362,-0.111234
0.024769,0.030418,-0.117755
0.026909,0.020624,-0.100677
0.016899,0.030101,-0.121291
0.008778,0.014394,-0.099392
0.051722,0.026383,-0.117550
0.020046,0.026395,-0.104474
0.010367,0.017972,-0.112536
0.030828,0.021967,-0.121132
0.020289,0.015692,-0.095191
0.013294,0.012346,-0.093122
0.013643,0.025211,-0.100912
0.015013,0.022880,-0.104209
0.006163,0.021603,-0.106087
0.012667,0.028557,-0.109226
0.085998,0.014460,-0.192679
0.109243,0.016199,-0.201886
0.108944,0.028414,-0.157874
0.072892,0.017893,-0.166160
0.073486,0.012453,-0.166505
0.080500,0.039536,-0.193894
0.081315,-0.005466,-0.167127
0.060249,-0.002738,-0.157751
0.069931,0.024848,-0.152091
0.058897,0.002882,-0.166377
0.093403,0.023058,-0.164089
0.101844,0.020279,-0.182098
0.074003,0.023214,-0.182391
0.089281,0.047331,-0.161266
0.086851,0.004386,-0.175004
0.100780,0.040749,-0.181076
-0.170073,-0.269242,0.274657
-0.141970,-0.295316,0.284075
-0.125921,-0.229643,0.238634
-0.126576,-0.269606,0.262761
-0.127109,-0.217400,0.227606
-0.136105,-0.262294,0.261147
-0.168161,-0.173845,0.263751
-0.186092,-0.229726,0.282124
-0.146545,-0.236245,0.220567
-0.143845,-0.206452,0.235875
-0.170274,-0.227139,0.278011
-0.124744,-0.242322,0.229718
-0.167375,-0.216293,0.264122
-0.200629,-0.113532,0.291180
-0.159233,-0.235294,0.297625
-0.134223,-0.246551,0.247030
-0.012669,-0.224850,0.154693
0.029099,-0.205607,0.136250
0.028445,-0.240321,0.140275
0.001605,-0.217602,0.133248
-0.064848,-0.148564,0.195260
-0.012975,-0.195254,0.105791
0.008999,-0.201614,0.119875
0.007875,-0.233629,0.152559
0.009402,-0.245747,0.158370
0.002696,-0.260845,0.120152
0.031218,-0.200622,0.116662
-0.000829,-0.213654,0.160608
-0.022735,-0.209164,0.164314
-0.006845,-0.206178,0.126714
0.011180,-0.220273,0.137374
0.030174,-0.230199,0.144605
0.253575,0.020536,-0.096811
0.211949,0.029300,-0.113549
0.240570,0.002713,-0.142152
0.242259,0.020323,-0.113918
0.241769,0.023784,-0.115051
0.235595,0.021461,-0.111044
0.248546,0.027040,-0.102711
0.288497,0.035700,-0.086746
0.254656,0.011720,-0.111754
0.239597,0.017844,-0.116056
0.225882,0.012245,-0.124650
0.231364,0.020900,-0.111684
0.234428,0.019444,-0.092825
0.186362,-0.020043,-0.079894
0.225296,0.020606,-0.129054
0.238386,0.034330,-0.100898
-0.043385,0.067211,-0.109245
-0.034792,0.074172,-0.111905
-0.040643,0.054347,-0.106401
-0.046052,0.059845,-0.103737
-0.039982,0.063967,-0.104613
-0.042940,0.062771,-0.099017
-0.030582,0.059480,-0.101779
-0.030192,0.068158,-0.113958
-0.041785,0.054085,-0.105482
-0.030939,0.058671,-0.108306
-0.038960,0.063607,-0.105732
-0.049230,0.058014,-0.104057
-0.039563,0.065769,-0.107120
-0.031817,0.066251,-0.118411
-0.038315,0.059559,-0.107750
-0.031152,0.061090,-0.097552
0.189541,0.010518,-0.100329
0.191073,0.003360,-0.094486
0.168619,0.028443,-0.097852
0.205417,0.020849,-0.092768
0.243790,0.021819,-0.095003
0.213621,0.034019,-0.103547
0.252065,0.034659,-0.086416
0.236044,0.019925,-0.090946
0.179795,0.014141,-0.076423
0.207123,0.001974,-0.057234
0.149227,0.017416,-0.090060
0.183117,0.011609,-0.080023
0.193076,0.042687,-0.090658
0.174703,0.032112,-0.113079
0.154464,-0.012251,-0.092719
0.194067,0.003992,-0.099622
-0.029001,0.015923,-0.148926
-0.022894,0.013136,-0.144378
-0.028244,0.010779,-0.147445
-0.028561,0.015719,-0.142279
-0.017723,0.008713,-0.142226
-0.031205,0.014989,-0.147879
-0.024385,0.011161,-0.146881
-0.024608,0.013513,-0.157204
-0.029415,0.010291,-0.151696
-0.022436,0.012792,-0.146423
-0.031888,0.015617,-0.141254
-0.025867,0.007020,-0.147350
-0.031650,0.015991,-0.148941
-0.029912,0.017780,-0.154082
-0.021124,0.011579,-0.146546
-0.019006,0.009182,-0.148633
0.043183,0.026085,-0.128800
0.041416,0.016128,-0.131018
0.044333,0.021599,-0.125013
0.041046,0.026276,-0.124365
0.034126,0.024179,-0.124681
0.042413,0.024670,-0.129488
0.028957,0.038480,-0.128276
0.049536,0.029856,-0.127948
0.037683,0.028390,-0.133532
0.036984,0.026628,-0.124659
0.037567,0.022905,-0.139077
0.038730,0.019253,-0.128136
0.037658,0.019240,-0.138478
0.033026,0.027417,-0.132109
0.042069,0.028727,-0.127839
0.045927,0.019112,-0.134418
0.034656,-0.011813,-0.035147
0.040424,-0.017021,-0.037903
0.031623,-0.002181,-0.020622
0.038096,-0.012880,-0.024217
0.039006,0.002712,-0.027773
0.037360,-0.012344,-0.027782
0.029775,-0.014208,-0.029184
0.029481,-0.010661,-0.033056
0.021301,-0.008840,-0.033382
0.038064,-0.011614,-0.026329
0.026552,0.006939,-0.022724
0.043739,-0.017447,-0.033652
0.028790,0.005359,-0.040452
0.040414,0.018908,-0.040619
0.046032,-0.011004,-0.017019
0.047608,-0.012187,-0.028231
-0.053990,0.027336,-0.109855
-0.068922,0.024649,-0.099037
-0.057125,0.026716,-0.109117
-0.058991,0.023056,-0.113342
-0.047882,0.047594,-0.116568
-0.067851,0.020606,-0.098384
-0.072105,0.033458,-0.115345
-0.063361,0.040002,-0.097577
-0.057324,0.037721,-0.100504
-0.058681,0.037624,-0.096841
-0.072592,0.049435,-0.100976
-0.055807,0.044960,-0.106911
-0.070331,0.044267,-0.102892
-0.075585,0.048947,-0.118529
-0.063857,0.019632,-0.113454
-0.059643,0.040040,-0.103453
-0.009332,-0.042160,-0.036226
-0.021700,0.087535,-0.042330
-0.001147,-0.055252,-0.065514
-0.004952,-0.014695,-0.056766
0.043536,-0.105525,-0.065779
0.020039,-0.037170,0.004156
0.026808,-0.064393,-0.070930
-0.026754,-0.028975,0.063885
-0.024794,-0.017384,-0.098061
0.034328,-0.048716,-0.031352
-0.044126,-0.069473,-0.027208
0.031797,-0.033193,-0.112123
-0.010502,-0.099963,-0.014183
-0.037835,-0.038959,0.094991
-0.040320,0.004819,-0.059450
0.003459,-0.006857,-0.016537
0.051001,0.002923,-0.040975
0.047023,0.007511,-0.056406
0.039696,-0.016303,-0.040210
0.031478,-0.006521,-0.028768
0.034649,0.013740,-0.026830
0.041868,-0.003012,-0.052278
0.036771,-0.016100,-0.046459
0.042644,-0.004028,-0.035340
0.029239,-0.003132,-0.033233
0.025079,-0.045686,-0.035387
0.044343,-0.001994,-0.041330
0.033891,-0.019073,-0.025039
0.038917,-0.003107,-0.030223
0.045278,0.000099,-0.035179
0.049277,-0.021444,-0.029500
0.063313,-0.001251,-0.037609
0.127740,-0.083559,-0.104208
0.131767,-0.071817,-0.100321
0.120974,-0.071091,-0.083057
0.152665,-0.091144,-0.078299
0.137275,-0.045239,-0.076962
0.145671,-0.054164,-0.082715
0.125629,-0.109488,-0.107511
0.108039,-0.083688,-0.080199
0.094706,-0.083904,-0.068058
0.168351,-0.137178,-0.051410
0.111242,-0.042138,-0.070387
0.122747,-0.088184,-0.091456
0.127968,-0.051506,-0.083766
0.121843,-0.025688,-0.110191
0.130287,-0.062916,-0.077180
0.137617,-0.060824,-0.070968
0.048274,0.027496,-0.092794
0.041715,0.034322,-0.084794
0.040169,0.006636,-0.103018
0.023346,0.032293,-0.090695
0.058511,0.005449,-0.084376
0.047045,0.038541,-0.113051
0.036051,0.001766,-0.095713
0.045501,0.015387,-0.103759
0.049431,0.020936,-0.086087
0.027290,0.018628,-0.100996
0.050199,0.034988,-0.088136
0.032901,0.020945,-0.085093
0.042925,0.006175,-0.091838
0.060011,0.018900,-0.101941
0.051970,0.032313,-0.100586
0.041490,0.033867,-0.088016
-0.877878,0.214215,-0.562712
-0.394293,0.528534,-0.889778
-0.588745,0.243645,-0.633383
-0.555910,0.416317,-0.847446
-0.275970,0.021928,-0.682351
-0.289334,0.497565,-0.624313
-0.013312,0.468460,-0.523940
-0.347947,0.234900,-0.172465
-1.244467,0.191283,-1.145672
-0.347949,0.314908,-0.525076
-0.963961,0.102096,-0.663549
-0.745837,0.222915,-0.987909
-0.794503,0.167384,-0.456158
-0.383602,0.156850,-0.241540
-0.821959,0.352809,-0.588480
-0.468744,0.406946,-0.478646
-0.078690,-0.027593,-0.129691
-0.071079,-0.009192,-0.127965
-0.076652,-0.010840,-0.128777
-0.070553,-0.021243,-0.121561
-0.114852,0.006448,-0.108903
-0.079710,-0.016085,-0.136438
-0.080354,-0.018332,-0.126373
-0.092739,-0.022283,-0.156284
-0.073130,-0.022254,-0.137109
-0.069388,-0.036584,-0.132426
-0.068275,-0.006521,-0.130473
-0.092380,-0.016462,-0.133797
-0.087487,-0.007533,-0.116610
-0.064046,-0.005474,-0.153218
-0.054969,-0.001817,-0.130082
-0.062762,-0.005705,-0.120374
-0.012646,-0.087778,-0.076256
-0.010570,-0.085991,-0.076958
-0.008771,-0.075789,-0.074501
-0.000025,-0.061594,-0.077332
-0.029739,-0.070074,-0.070360
-0.014986,-0.084958,-0.067693
-0.009547,-0.078374,-0.070672
-0.020183,-0.078489,-0.081165
-0.006911,-0.074889,-0.078376
-0.008433,-0.071798,-0.065635
-0.001870,-0.069751,-0.062912
-0.006085,-0.071085,-0.083092
-0.006425,-0.084037,-0.067373
-0.005901,-0.076572,-0.077348
-0.001898,-0.079707,-0.075632
0.010487,-0.079670,-0.071297
-0.676058,0.268156,0.951300
-0.505327,0.509933,0.842715
-0.448913,0.178871,0.873150
-0.344632,0.379692,0.905683
-0.492346,0.063106,0.906463
-0.419936,0.210637,1.005228
-0.361848,0.212328,0.926611
-0.491665,0.209916,0.996024
-0.576396,0.187341,0.826058
-0.417514,0.239210,1.008991
-0.560176,0.094026,0.917790
-0.458302,0.284120,0.854735
-0.489102,0.087214,1.003184
-0.489528,0.123834,1.093894
-0.638849,0.395412,0.883120
-0.501329,0.351016,0.940062
-0.011066,0.213514,-0.024363
0.059302,0.332314,-0.027277
0.085050,0.142998,0.054453
0.178785,0.280811,-0.021685
0.226491,0.026693,-0.034071
0.125319,0.202931,0.076836
0.236927,0.066795,-0.029335
0.139269,0.164856,0.069155
-0.002394,0.161693,0.032593
0.117235,0.175621,0.021151
-0.011072,0.168712,0.038281
0.072581,0.200181,0.036161
0.036902,0.140458,0.020359
0.047647,0.235405,0.083629
0.066311,0.291631,0.052111
0.023214,0.278243,0.039227
-0.071492,-0.046211,-0.095546
-0.075555,-0.045591,-0.088698
-0.066772,-0.040338,-0.095666
-0.062204,-0.041584,-0.094030
-0.079550,-0.032518,-0.082383
-0.074967,-0.053913,-0.088746
-0.074042,-0.041107,-0.092074
-0.067692,-0.046507,-0.095674
-0.067278,-0.047792,-0.088758
-0.066352,-0.039486,-0.087324
-0.066814,-0.031815,-0.088303
-0.065455,-0.050784,-0.085862
-0.071323,-0.047554,-0.085002
-0.076682,-0.037272,-0.101115
-0.064631,-0.047871,-0.094246
-0.057591,-0.041664,-0.089804
-0.103457,0.012061,-0.054968
-0.097945,0.018278,-0.070663
-0.102423,-0.001299,-0.052717
-0.102104,0.011047,-0.054390
-0.105232,-0.002242,-0.044975
-0.109666,0.016662,-0.072095
-0.115054,-0.016098,-0.065939
-0.108566,-0.002097,-0.062781
-0.110883,0.003718,-0.064222
-0.099797,0.001130,-0.058772
-0.104001,0.019231,-0.060103
-0.097965,-0.007153,-0.062593
-0.099110,-0.000731,-0.067085
-0.097227,0.001010,-0.066406
-0.092757,0.020938,-0.052699
-0.091821,0.005683,-0.064567
0.089907,-0.043449,-0.125914
0.087031,-0.053938,-0.127570
0.085207,-0.049722,-0.133475
0.097085,-0.055993,-0.130276
0.085208,-0.053560,-0.130326
0.087203,-0.062729,-0.133585
0.111100,-0.027553,-0.109952
0.104460,-0.053416,-0.111348
0.096397,-0.044176,-0.119574
0.081080,-0.048477,-0.129536
0.091393,-0.037294,-0.128125
0.095389,-0.052678,-0.120988
0.093945,-0.043077,-0.116844
0.093885,-0.040633,-0.142484
0.104684,-0.058996,-0.119574
0.100543,-0.048900,-0.120553
0.310685,-0.052888,-0.252084
0.283954,-0.044085,-0.259933
0.254787,-0.062323,-0.276423
0.271004,-0.040930,-0.259391
0.282993,-0.041518,-0.276261
0.295191,-0.040686,-0.246198
0.321579,-0.044076,-0.226408
0.294642,-0.024307,-0.254597
0.258512,-0.037554,-0.230263
0.279636,-0.064792,-0.254590
0.256954,-0.075330,-0.249427
0.268449,-0.057833,-0.245575
0.279763,-0.056209,-0.242166
0.253688,-0.048715,-0.262784
0.253798,-0.061535,-0.263873
0.272918,-0.058219,-0.295368
-0.073807,-0.246196,0.187816
0.001310,-0.076381,0.071302
0.104053,-0.210298,0.055078
0.067148,-0.144046,0.061752
-0.052785,-0.218820,0.133096
0.091564,-0.241659,0.150160
0.056475,0.076447,0.207860
-0.099116,-0.199356,0.246361
0.052447,-0.169381,0.226914
-0.003407,-0.118732,0.161071
0.006936,-0.241195,0.187575
0.053764,-0.198448,0.078523
0.005101,-0.243596,0.178350
-0.042530,-0.280133,0.220840
-0.045045,-0.223737,0.185133
-0.027001,-0.216577,0.138869
0.847777,0.044719,0.047947
0.882094,0.061645,0.087081
0.922597,0.052045,0.116686
0.980562,0.048832,0.019904
1.000539,-0.068126,0.142063
1.034075,0.071500,0.168213
1.275762,-0.002799,0.107242
1.052675,0.065430,0.235197
0.725028,0.038400,0.115261
0.968486,-0.008267,0.234492
0.702238,-0.004806,0.216500
0.848330,-0.015120,0.033603
0.802143,-0.026720,0.161338
0.827146,0.040675,0.222064
0.809351,0.087591,0.166854
0.842813,-0.030751,0.211709
0.361462,0.424707,-0.327777
0.560554,0.784733,-0.658209
0.919359,0.400973,-0.750712
0.616377,0.506491,-0.606387
0.427805,0.101820,-0.442424
0.500605,0.447190,-0.487967
0.522377,0.350999,-0.522441
0.400911,0.222609,-0.320765
0.440137,0.398138,-0.391708
0.464146,0.259777,-0.453469
0.385539,0.344018,-0.352216
0.514365,0.429068,-0.556613
0.348374,0.250696,-0.446149
0.390468,0.303446,-0.327828
0.481729,0.602813,-0.398596
0.421007,0.529267,-0.339966
0.275620,0.046293,-0.136593
0.282209,0.025163,-0.126347
0.316872,0.054494,-0.122964
0.314668,0.035920,-0.132810
0.252463,0.059701,-0.111154
0.302456,0.047732,-0.114629
0.347125,0.043624,-0.112165
0.295387,0.028228,-0.131451
0.287192,0.052640,-0.107985
0.291575,0.065044,-0.096260
0.285555,0.063803,-0.079160
0.295804,0.030992,-0.126287
0.289818,0.064807,-0.099563
0.274231,0.074734,-0.124098
0.301462,0.047887,-0.110749
0.293150,0.042691,-0.094260
-0.943337,-0.157911,-0.362961
-0.422930,0.258363,-0.427443
-0.852158,-0.121035,-0.102906
-0.550620,0.050505,-0.339197
-0.293561,-0.043477,-0.231615
-0.259519,-0.046646,-0.270296
0.132017,-0.080665,-0.176984
-0.290654,0.087256,-0.270507
-1.126405,-0.362935,-0.009552
-0.223210,0.067503,-0.165324
-1.940458,-0.158968,-0.056528
-0.800635,0.118139,-0.377220
-0.928139,0.026035,-0.440933
-1.111998,-0.179762,-0.601873
-1.190885,-0.363647,-0.051128
-0.779679,0.091776,-0.249264
-0.082703,0.012921,-0.170310
-0.075638,0.007218,-0.160007
-0.087142,-0.002817,-0.153205
-0.096497,0.011131,-0.149645
-0.062872,-0.014314,-0.155451
-0.084863,0.007397,-0.155379
-0.068464,-0.013620,-0.150888
-0.085300,-0.015960,-0.149512
-0.089130,0.000055,-0.147398
-0.083093,-0.018334,-0.143693
-0.096819,0.024012,-0.147294
-0.092946,0.000522,-0.158784
-0.086510,0.012827,-0.160819
-0.100779,0.015438,-0.176938
-0.069687,-0.002788,-0.157166
-0.071102,-0.000640,-0.165237
